x,y
5024474873340596.0,100.10859491665131
7273813247264487.0,117.13128591259327
6464657951391562.0,113.62446049731791
2315793498756882.0,57.05910187508906
4262746545472958.5,93.67251434989258
2964710990695892.5,56.97992739664008
7826474725144273.0,125.94127873022235
2521026216894426.0,47.79495534602915
4005759712988636.0,61.41730982360067
3879600714794952.5,73.92773996007031
1972332485621907.5,43.08228168023977
4149096732751455.0,60.28403259891731
4306302877235251.5,67.41777476395109
7334340701630255.0,113.28077952276888
6089906438311231.0,106.58061204743566
6567662322900920.0,121.23831290707251
4719308021684358.0,106.57297410114319
3934321038759522.0,68.12489007618194
3385170172295671.0,59.9950652628717
6386032507477902.0,90.39667065873039
7031535560045366.0,114.47820093163175
7597951144008720.0,111.97743713726176
6056646755686076.0,115.1688063801906
6948910505954288.0,103.32273520431501
3373293971061602.5,66.77606055774996
4193083019843068.5,61.64919240720423
3255193791202186.5,53.29659289921568
6345362194805747.0,94.4769912033384
3344303338788655.0,72.03621826870238
3882406326300280.5,59.21018936558576
1879888480658215.0,47.634063506089866
2000558425207575.8,44.5193048037533
3288923848958866.5,52.09109974086079
4780782596683086.0,65.18953227790622
4848557234996089.0,99.61414094661437
2990302309538691.0,60.4047646884377
2498462838763214.0,53.094137221140905
4505878284732833.0,82.29405978897186
4365006707931251.5,70.38745346814879
4507176236509661.0,67.12026210304317
5718981526886429.0,108.57142151309385
3159207444711971.0,58.99040957485394
4593304179415045.0,80.82251021977783
5026331086887169.0,94.95384820317406
7668956812387592.0,136.20565463112527
3715890697840115.0,59.16210007062685
2196303209728640.8,59.21824426567459
6916510430805197.0,113.07692586567683
2433993509007310.5,49.78684170658885
4486477819374826.0,68.18632174229624
3826386839687270.5,67.56633845919843
6797543513142252.0,89.43219982390394
8788091082581434.0,130.4863848888124
2242329043528006.5,57.32327285792015
5489849638581779.0,96.49071947020975
6777130994668119.0,132.24579579919697
5553289044075390.0,100.76559032841004
3950087059887513.0,66.1920788361817
7805986366618644.0,119.20119344119603
4452751615551632.5,98.45317351767545
5357191490588965.0,70.33247736582506
4813248029570603.0,87.74570454999694
2077352322181161.2,49.52448004046327
4833529950592729.0,93.85338533595595
5461068320609545.0,91.23099809837335
7311718001164356.0,91.68503856389006
3574024204564415.0,56.82681012282953
5515962200320516.0,87.39743294475726
4249884878451936.5,62.11153231880422
4020198004345561.0,76.264059861791
4121408249283075.5,62.12550805395715
1529812528175273.2,43.17678824447425
4787173125444297.0,80.84376505235636
3494206209220058.5,62.546428540826696
3289908585748724.0,60.27565883139156
4355947642960430.0,80.06800314027622
3558857272887246.5,58.23849370313679
6033535632710002.0,119.45459862220143
1697453528175273.2,44.812896108501285
5335527955818998.0,101.99376520689452
3393507161284958.0,65.98255883384002
4465375132012317.5,90.60454887685803
6258937148030723.0,93.17114516187739
2243972952064336.5,46.98003133579789
3289184497041368.0,68.38981535152234
4832213258072403.0,106.05184578854164
4728949995920302.0,82.61265553142705
5052627236660048.0,67.46362095117429
4358262910165643.5,65.22678298894547
7804452831345559.0,121.70991828318475
5081273578545457.0,90.12137894829993
5892008326477595.0,113.34407078651468
6567543854587595.0,96.90277518165267
5574782126971093.0,112.85231938606222
4511540984324172.0,69.0393294180831
6662561188269824.0,90.43946131761929
4802051763402512.0,69.07366510089786
5504126773989042.0,99.75619048720736
3808939489610821.0,63.15485609636232
4593531313124382.0,81.6576258936373
3628181037725795.0,67.64410066326037
5976216908858929.0,111.68671724431923
2146088750357887.5,44.15587050972073
3919812681585963.5,79.10039896737635
4372775783730063.5,61.601728504269424
7860700919600571.0,117.67405789404604
4695560883973514.0,66.99028201019021
3425864701258694.0,54.090386257670175
2471486551346584.5,47.02447265039262
6048217350592729.0,108.05880546961299
6524860744267145.0,103.84688820413889
5691173038402119.0,96.04214844989654
2517033526323927.0,48.28534006082788
4696267743510465.0,63.68669573238559
5072773901978453.0,74.02368727861011
4895559840684479.0,90.65893293512279
3315397476118900.5,57.23665466879089
3450732326493669.0,58.11049745842393
3822515656091828.5,61.24295982219557
2266692810272571.5,54.69370301529639
4763379624462662.0,73.49209044434107
9687669758154456.0,140.23140080564565
4537345185027422.0,91.62162334554061
6747293772255985.0,85.91625577167734
3378406786009056.5,56.62169662676002
4149229179614456.0,80.0741086266133
2409270702642596.5,57.456649991423944
6026233770970748.0,94.01388829429605
8994758507874101.0,144.52342794909347
9054534848660708.0,135.7836212665623
4222329380960244.5,59.68781616896767
4930886213682868.0,71.08525666151401
2040786173560403.0,40.838648242718016
4863660139209847.0,76.85933734024958
4571674731222926.0,83.25579963692373
7031128123235899.0,94.00793871422606
5961245526928412.0,82.4276178840199
4789828859501435.0,84.85442902119838
6202854299879119.0,83.2564037521006
5650053746030662.0,86.2787344004796
4516224665990576.0,80.95451627339399
3313989361105648.0,52.82697515367404
4676065186887169.0,90.38971985826821
4844664921248473.0,71.32502830248185
4141761053371033.5,63.83260011032265
5213132944810661.0,97.93269541731519
3887164942365945.5,79.00766458800763
3926444483787248.5,60.10385419106208
3966381607391419.0,76.67670030601124
4513004032487658.0,66.02713110566145
4182971209556561.5,54.463094536669075
3348575677011376.5,53.001538851722074
1773740928039441.8,49.21968035428056
4265433891620343.5,81.94465794171619
3073921692038072.5,67.02269875572458
3316078068931744.0,55.083432901455055
6959416765910135.0,116.83487178220251
7074240153875859.0,103.81526003461614
5681623223657321.0,84.81781289476093
2861304390331623.0,50.430830114629316
7037526624811208.0,128.28160450154033
7028558337541387.0,127.39698804373091
3012351880428777.5,57.34746158537991
2568470573607962.0,63.43245838466215
2260991395388921.5,44.14197204080055
2813417057338523.0,48.56316904572964
3714274400437767.5,70.46828967272509
3937777015358773.0,59.10274442425916
4991142359906956.0,72.56076601270343
7347983237758849.0,120.38951289778512
3085711456001799.0,55.428780581349464
2947873685931524.5,51.50523164484212
6943207936595716.0,128.67772022178323
4388167834956997.0,78.79944930978259
4713072377506266.0,71.803663447181
3658287079843893.5,68.05808187248556
6155717537082205.0,119.8807290304586
2181727291259371.8,55.2511432531323
2262387081032403.5,55.090806603331984
5618431748039906.0,79.11173815056571
5448289848120347.0,75.83482894795779
5081586963360529.0,89.50318160050881
5371810561464619.0,96.18876110932347
4269242582441460.0,83.26382204639863
4313457802107679.0,65.55887822198366
3151344697215128.0,56.356869078410966
4301113198756882.0,98.0479233432933
4286556270373325.0,63.42583912839089
3922958149241413.0,63.2452028818565
6582650246374824.0,85.10207495535752
7100649920528321.0,122.04312690428833
3924359068727445.5,63.18077665945587
5311996255704070.0,83.89081140253124
6165371438266287.0,119.77311006507269
6780483775101089.0,123.78320595090813
4249266119942287.5,67.3507490294523
4643770178527548.0,89.44634619545556
6861603926535208.0,110.16046775127461
3508507278433943.0,59.75744364177996
6391302749360679.0,106.41526885559321
2192928026379159.8,47.52584737004923
4392705077599871.5,78.62238516589892
6898053803465529.0,113.37301202942325
5371215485931526.0,99.28057916897171
3651167314839982.0,52.47981470418102
4095609866412402.5,75.23759934713397
2001627257425236.8,54.597670343493434
4106887130521161.0,69.34940093708775
4319181239014567.5,84.55463310578486
4706785137541387.0,69.00459740184864
4215598156338730.5,69.70103475429057
7055881642022657.0,103.16778530525929
3899196955332509.0,58.28613058358601
4772595688337108.0,70.38004416330548
2518114461464618.5,46.902278645258825
8457336172917091.0,121.87114110759406
5611898708652053.0,99.55249691380494
5513197207265188.0,76.38235073524787
3333716013475039.5,59.62772477458011
3589305337498481.5,60.604953435857816
2113650214863541.8,46.804283977348554
6399926492340102.0,109.82041823379383
2920204656419956.5,63.726135628758115
5757515094042963.0,82.35184831224555
4632860680159959.0,90.00738395707798
4859540827144854.0,103.38886489449966
7965200077187205.0,143.77232133625628
5243701730724097.0,75.56647548622989
5654974941675807.0,96.32828835794618
4079472850532263.0,74.65874596154701
4538136000000000.0,98.57796087011207
6057162538924487.0,105.13066697495488
5031911672709504.0,100.42379999773046
5506445044728045.0,103.79909616539541
8903848289535086.0,148.06619833652843
1599052263793389.0,38.6451837197915
6590613697777139.0,108.46080920578042
7895648925688204.0,124.24474292390032
4102867554298834.0,95.43148433084589
6240689497735476.0,105.67694204839748
3377504331457361.0,57.96612766913707
6138904829796347.0,85.1982530441502
3399437674233035.0,48.42531437657871
5670258591236131.0,84.35240352004342
3950358616650519.0,92.24122958969426
5786756368105774.0,109.49908227897876
4496414227327740.5,86.31194539211202
3029798814386117.5,54.84985125164053
5647294130724097.0,93.10195487451729
5412114180239443.0,79.75119730388353
4818347491318747.0,83.69893318502413
4562381566432378.0,64.13605252224247
8064791400884400.0,137.24372640835674
4648711559501435.0,72.92061166308146
6232446457002421.0,112.42603132888614
5065935966753360.0,71.14074795369406
5729497165678523.0,80.8444771128376
6782053439290095.0,89.93646263920527
5791785736280348.0,119.99784716121016
5998585161825407.0,99.72518982091033
7581097955524410.0,111.44284433065954
2143163926955019.2,44.05196378518091
1839667827144853.8,40.081414708584205
3541771940774718.0,77.94517037350185
4918742989652274.0,81.19992224066135
4167245680251992.0,76.76635029099326
4707657447432257.0,83.63990721191013
5892659880420326.0,103.42772035400928
7689820323474519.0,117.99422845002626
5749591938479650.0,98.14861771780627
7885751435781395.0,127.0466903907639
2878246693290255.0,51.77526229244733
3100213395809231.5,54.25672215330473
5143898726165628.0,88.00968099685296
5486820238581779.0,96.65037370428418
4219798052293774.0,91.87523715764893
6660773067774715.0,121.5067683206975
4785557010844992.0,103.97947898213143
3794784946061453.5,87.35278871797168
7115913849150682.0,115.64817729310855
6553319272908026.0,96.57523035174006
5137265725747899.0,72.8255896991595
5184489270735821.0,75.08590649392397
5736752211102440.0,94.40074862587551
7485178121477910.0,114.1985439274064
5487020937449354.0,100.28018409797156
2993280238479650.5,48.555356225381885
4327288580482820.0,70.93258442334484
3499077308858929.5,62.47117545668591
7426166012988550.0,128.0651001114141
6115106467832858.0,105.2364752770622
9697375959410582.0,146.72663684584745
2141049509097548.8,55.70157198941609
5103913942747681.0,86.13277502038426
5028613056181494.0,82.91837457252291
4490291065810916.0,66.68660019391751
3831198738266287.0,74.11014810723198
5760254912319002.0,75.7700085804749
4177416099416413.0,74.3123020092423
3788963559981119.0,73.93460111698307
6707936766895085.0,96.71251205731396
5355775732301202.0,86.50257502381614
5981980600658539.0,90.8645122875692
7906829873938446.0,116.14345422894688
5736624131539077.0,113.20470716914627
7154094348841592.0,112.41711340797788
2152357566613385.5,47.66468675232883
7121404042022657.0,103.68055925072538
7936849560402397.0,132.58316405469705
7384186794854875.0,96.31201059424211
4328766848529676.0,64.30886632771777
4760244695331684.0,68.01518589075225
5568242348027271.0,84.74121531891409
3778250167388021.5,55.60590474557759
3565809973511617.5,68.15102626301817
2874977579743682.5,53.42409237932878
3926626271715662.0,72.00718344364982
2454645443865519.0,49.53842649713427
4180835243528006.5,97.78028952581968
4747699507567184.0,71.71683892336077
3532295384834034.5,74.30789360118959
4839521392092115.0,62.59095685248637
4755315666534507.0,69.92213959949994
5415878390274386.0,74.1223571545316
5276389495337298.0,80.07369297486677
6572965239798341.0,103.5750232665424
5850588932061445.0,108.59622349067062
6009445768962373.0,114.54338236213243
6940856607030261.0,113.66224257984572
4298246468273667.5,84.86399024535947
5083886849292460.0,70.01305089320996
3399888237465428.0,58.58488951806285
4277625151656238.0,97.99190721025288
4085384025711849.5,65.41379235302115
6969899190616102.0,133.46299116547954
5340325801630255.0,74.74453872641035
7431744967112142.0,117.39276409495045
5619281884987736.0,73.54278966171134
4424683913598281.0,90.79349756806769
2298734381663495.5,55.726811428307116
5232138391142526.0,78.95299918149473
7919876532439612.0,126.26862549997213
5398577963360529.0,95.41428477361538
6738703508475268.0,119.61515165649931
3698397744498607.5,70.86378009026531
5134499462234548.0,102.2448250879533
5100508995835553.0,75.86299476418091
4733035719843068.0,69.19236735428717
4353596472461393.5,63.58733586582225
5610644627408797.0,112.85229046538463
3582133257338523.0,71.10590785208683
3313483089475639.0,65.29911550850737
8884492712931399.0,132.62908091356354
5860542449814457.0,91.85403489878502
4710120218717087.0,78.43921923590636
6030014691304192.0,103.78790119236398
5480900640501592.0,94.31701600181262
4149981427498949.5,92.6206156467251
4711977126971093.0,102.99332440303105
4691450085976003.0,100.19614885086267
5332120768827105.0,107.69221800979818
3994987132487657.5,61.04309579792367
6616089990286935.0,117.8979043419315
8058236712331466.0,140.44320696696698
4378196398876025.0,75.63156461065847
4740286709084914.0,87.81503335930103
3870412066396328.5,74.27633263276297
8703458166895085.0,139.21359632825684
6301820903933323.0,120.4873289583787
5263994002158113.0,78.87058315349752
2974622744634439.0,48.72629801193541
4673011232301202.0,65.96805565977152
3313969512593000.5,59.137300715807676
5848710149282990.0,120.37645987654585
5262914341032166.0,88.0786574817526
5322256621131913.0,107.0936922008808
2804412278768002.0,49.8943813238338
7384872612387592.0,120.45166327089638
2720603390238017.0,61.04972042363271
4404834308949081.5,89.9936121013254
5824084991292426.0,105.0785744716807
6800735801795617.0,114.33527211930685
8658538003369185.0,140.83497871279738
3733066007931338.0,56.96213126318912
3675826854678449.5,55.90330366127434
3102695896474522.0,63.36643096641658
4400045614427657.5,66.93496301038752
9668988746629702.0,145.1355967015168
2171653184306091.5,44.11211116066245
4641768767655572.0,99.7960056889484
6493598401068859.0,121.15026127152669
7622660691322186.0,117.11531214467679
4968340110587940.0,101.97039529453923
7395096755618015.0,121.83755893280485
6458284254047357.0,106.25998861035502
2854982768931744.0,50.12049273686672
6154107553826731.0,80.26056877432363
1905370303767124.8,38.477840428870266
2340013891259371.5,46.78902935939017
5374543159446202.0,75.68130467383918
4980857030904980.0,90.080300039581
4480011166927182.5,79.99802712266494
3403508942288413.5,61.026929371249885
4615926043621612.0,103.38985725951392
8240856838464933.0,118.64968989999085
5032877200003027.0,74.3540985894031
1465306338937035.8,35.75706851539373
4045517564874225.5,65.97371221451016
8886733823251973.0,132.6542300664436
2570221732028391.5,62.27425419538818
3904885802828946.0,68.61037598673492
6958224702108231.0,107.97715516017335
6923482980482820.0,107.18195765343795
5032671056046778.0,81.3528384780018
7225846704837937.0,96.5126228419145
7539586417460964.0,123.84491016472441
6255792616080105.0,120.05335057736907
7268899290138678.0,121.3093985166097
6757395235502934.0,101.81852403570187
4914462392782009.0,82.8582599136633
4775237602825254.0,66.987353379374
3695347230904979.5,58.150785376664494
4115717888873416.0,65.45439036722429
2546741515905728.5,58.43583394708227
5547078631240920.0,76.44225153753183
6290029462639728.0,122.3404421877155
2109666928268879.0,44.48342111898475
1641103826923090.2,50.302796807106716
4333336984472343.5,80.02967985323143
3877169450322266.5,73.35397915601399
5099421468931744.0,104.09885823242149
3746545961918396.5,58.848793245574
6246738751034531.0,116.64609903431982
3584512800991328.0,67.40236360371107
5458347726165628.0,93.19699824244317
4896322758072403.0,106.53448425345495
4078108890462886.0,64.1276214454769
7620469873938446.0,112.34001354724619
2388338508652053.5,46.104141557869355
3274814965759748.5,61.969137995584674
5299744418191150.0,70.59326390566287
4217727438524594.0,74.93201970725833
3051832843981784.5,66.84370876821278
4096664398785786.0,68.35826493114669
7574760661306405.0,113.46423500478575
1581279233879737.5,36.71311885537365
1464444233335807.2,44.95960745356123
3930123072594229.5,62.411543870585234
3059383380027122.5,54.01512472972335
5131633117659312.0,75.95768269022463
6832534242112896.0,105.14736762136077
2093959585027422.0,46.2006630491216
5325454720604056.0,95.6281161808509
6862961631852997.0,110.54018893904889
4906515725770078.0,87.8201363795831
4077710278677850.0,66.6702637279181
2711280585621907.5,52.644855750495154
2219395860834756.8,53.40080825802259
5916221638897379.0,104.81512091314558
6488264831988671.0,122.36614802939398
5788537895105981.0,94.01216080386462
3861531883108601.5,58.73804428862286
5677966714839897.0,113.33280111574948
3047694185486689.0,50.7624930962715
3914236944225777.5,58.306268957559666
2308391404568107.0,56.632368190985076
3362806738334877.0,75.08806796160675
6116208737903132.0,116.7141659796586
2538920651178814.0,48.3559441970929
5518515579257193.0,113.72973123490756
4541641254913237.0,73.25841896213299
5567608060131297.0,83.74687988558382
5352376410587940.0,106.98112433760068
5318214438924487.0,95.88485877002734
7225430148084298.0,121.14557529155282
4023960508701181.5,75.40852722841639
7719498546584724.0,142.79297460747443
7322310772169440.0,118.7839235121493
2722212556957443.0,51.74228627074272
5574234715410926.0,101.12791998491437
5526699280473755.0,77.56760719146327
2477860602289113.5,50.00051395796944
4631534545567955.0,93.93570564102477
7285063596277565.0,118.04315700479103
4548385207931252.0,84.53497127714688
5834647207367773.0,80.75837948105821
2165879521976863.2,41.545756252361954
6174771342792158.0,100.83952729270159
2997076625670419.0,49.50299048055388
6881302942783093.0,116.312031894649
6702811042824756.0,110.79053080074429
4990194583871385.0,66.98516082887099
4940615990373605.0,71.6289154659831
4461477767805750.0,68.54868882965043
5886870414962406.0,89.21912926762143
3527035430805320.0,56.47910088722462
2377201040297294.0,53.8819492795877
6913226862413815.0,111.1213933928201
3420756344297936.0,73.47661874891757
5853596419579125.0,100.49820581886759
6637076971700529.0,105.49442798192743
2701732097581860.0,53.465819317606105
5495422451034531.0,95.37312778318257
4591568008876922.0,81.92315805006304
4642631207209921.0,82.94704870213154
7732381690489871.0,122.67464224848003
3898059377599871.5,70.62631847549801
2445555426189210.5,43.77530665902259
4669532450544029.0,79.80830629017836
5043153106665990.0,89.59461034955343
4254952907751591.0,77.37036157477331
3856883373652939.5,56.63629152582418
7556037000320516.0,117.23194177197466
2500409684054738.0,45.217009219290105
5688561265901069.0,96.30005675838248
2116398984532161.8,52.14089785834501
2237816522087555.5,52.781825521243135
7022914072278164.0,108.82884676910409
3699663178605152.0,58.85090287987459
5110966925949738.0,92.97370140462331
7225039976568493.0,93.30804016701752
4280531422181161.5,81.69932046247511
5861814270871089.0,81.30793062015829
2133024997581859.8,58.17801802558075
5873450460055284.0,108.42206365593309
1930839951118751.8,42.10941766292774
2956111126741656.0,71.24779702311949
1971193262244178.5,41.7221139160221
3766537916038122.0,76.89098276347369
2222592209178518.8,42.98513350306766
2411357810123661.5,55.84982826891157
3507176060608844.0,62.95620264059652
5370387195251243.0,89.05159526557063
3707109980461988.5,56.810883206243815
4397115440684479.0,95.63184638346964
2555214297500634.0,50.826036883492215
5121095244621327.0,74.79788376034826
6703001672133476.0,111.48679299956596
6431903679785665.0,110.54542468971627
2560735380027123.5,56.990252446696815
4565721213566183.0,76.8296697889601
4064006784472343.5,64.40609592054243
3719476307943801.0,64.37770503671015
5786961404069155.0,96.50840893016297
6542889389415087.0,112.36258556593747
4227376139551439.0,66.79349752472564
2648897232028391.5,61.75338983303225
2524221143050582.0,47.68867756104342
4938445133199975.0,97.91063986046412
6200880597014760.0,96.79289507235924
6490613914295966.0,126.36368605248347
5056898432533217.0,71.193043055776
6107355562639813.0,112.51499523373708
6496386526535208.0,103.47495226481826
4253897773962057.5,86.5497609807262
8112679042317318.0,128.09747774462397
5892944572202066.0,108.5006657463162
4669829479933517.0,99.02730083892097
3867301800975254.0,73.33810234757881
2345838333727832.0,48.58715660245219
6704997891454579.0,107.28051669728427
5300290727430360.0,99.81562638795259
4930121178660385.0,95.47111313778585
6431371237498482.0,111.9541326469562
8240642120707981.0,127.29195518893145
4491643297870744.5,64.75508293935049
5609507142960430.0,112.65957020903426
1974549751646608.0,50.007942418620615
4252962927498949.5,82.0421234688012
3244469455785858.5,67.23625090154214
6803300648574654.0,85.04866356560046
3892453738495724.5,67.57237290258425
2739793444603246.5,57.65805024221251
6814307982581434.0,88.3561788222186
1649990443009215.5,38.27174237653887
7515311376743887.0,131.87744540558398
6807883942841286.0,110.65193267688629
5819893207367773.0,81.83005868960429
8396123926928412.0,129.26980193918124
6997120997149413.0,108.31690111229646
2657178686887168.5,50.146083676989676
3656745172177953.5,58.71486425999943
4464289308381662.0,75.65185274009684
2631107578491500.0,66.46311951674014
4804078627166300.0,79.4317612632169
7107503902293945.0,114.31947136400353
4803434914568882.0,74.92413623940013
3257032119280566.0,70.0979434041211
2085451362865640.5,42.297032374097554
3644065194532937.0,60.89647104447998
4674206637993161.0,67.9428650620526
2977362339545948.5,49.579841732942256
4272547303363927.0,100.84546781414745
4145929472177953.5,64.89366250861238
7800148035938632.0,122.41039600019394
4028421767832857.5,74.39707892009207
5481336360888591.0,73.31393252721593
4657518178041673.0,74.85313531040829
3398480666318796.0,56.20892969904762
6203437283467572.0,118.10505051755821
6819503626165628.0,126.52817526932323
7403458112466182.0,122.73488318543941
3396859262006289.0,57.26055137211959
3617364278660385.0,74.3102451442215
6533265896280880.0,97.54289194724169
2940232949327467.5,54.410741872820985
2597707338479650.5,43.96511311685172
7540133251777854.0,125.65208921150541
5136239672169440.0,85.08057023521928
4500130152064336.5,101.72916533296919
3711594486694308.5,57.67052841742034
3557711410272571.0,75.46308540500345
6264599448220130.0,106.26427975771239
3305968849871397.5,57.60658372381047
3209094614673521.0,65.37716276497638
6281103637474369.0,102.10119967814043
8067309824265705.0,130.49673919482007
6205514361396029.0,100.67180940375641
5642543013858262.0,104.4963503371331
2815283498978645.5,50.06739804477843
1999823257257466.5,42.84604309711912
6617259734760040.0,93.7587880987209
4561833312695619.0,76.43115582069704
3867329468872134.5,54.9302017182288
4690615137758849.0,81.90095770191358
2890171992157830.0,51.4268329319685
7574392273001755.0,116.79861798245634
4920156162368837.0,107.59244384010098
4625251539658367.0,91.44139618022909
6082119880555594.0,103.0420406895912
2592478661737744.5,52.03830989948521
3529834350040283.0,53.40508588685188
4779404545558890.0,102.31849223733235
9085730124735472.0,132.24935778856604
3277513995704591.5,56.779201735392824
7447929195835553.0,119.40341697015548
5525318931116261.0,82.89073700088939
9408745711642678.0,140.26611658369538
2624098091259371.5,60.57393269041651
4270133055065143.0,63.9283811197182
3760266383662450.0,74.94828389454982
6536251303465529.0,109.82703929329989
6573677537289910.0,84.18035992329438
4325414456680446.5,87.10303644956626
4141948119305705.0,74.88219662319479
8173843678800359.0,124.01615611239842
4956824508373054.0,73.03951043744426
5871652809328697.0,99.53424721833547
6595580472908026.0,98.84244658757186
5212966135839036.0,77.80454737277306
4506313730201694.0,84.40817098487337
5989165303170539.0,120.89681830799842
4641970027421346.0,101.28611036849077
6490760413682744.0,86.16950148299368
7361624871953955.0,113.81527641403619
3406383003080300.0,58.155751328648584
4621151736704440.0,79.85170810121166
3861862313934221.0,62.78874404196967
4204467145832016.0,86.10343735837017
5419890518323458.0,79.8280852424365
3518444480342845.5,89.1082198977409
3011108537542960.0,53.10355216253211
6140467749319016.0,104.87213402884754
5352542420428662.0,71.64538810901732
2063487845040099.2,50.00246997110964
6038648849114718.0,102.34675696106329
6481445413801111.0,101.27946144326393
2494609233277578.5,50.682347468208505
2210854697759058.5,51.707246513171704
6168414613787383.0,95.1531753733481
6445904122179589.0,104.70916959373206
4708056813438961.0,80.10374251897153
3063478574151892.0,54.952817884470505
5629016400887976.0,92.47720307295752
5064030202167178.0,73.7697871375786
7406618073418628.0,119.59657567547586
3694043344603246.5,58.745626721155595
5565253244711971.0,106.17881529832748
3318910430898926.0,63.21478817514821
5943034395827102.0,79.32891196460787
4956465806823842.0,73.73677464232722
2355985379155187.5,47.42812831421132
7202066446629702.0,95.68597404058796
3411002044075390.5,68.40921900069475
3752889062099895.0,60.23510725312021
5501058967293025.0,95.22304274200386
9235960660167874.0,132.73550463990713
7514712247128655.0,124.42433784180685
7878322060131297.0,128.14369229063408
3109557874232948.5,66.10614162719413
6276263421384305.0,100.77239720842837
7568800462059719.0,120.28013811678332
4060709925711849.5,66.971738989155
4074546563158605.0,72.24031696994477
4616569927498950.0,85.58182444794875
4348540797759673.5,66.93266246490306
7951571030201729.0,133.89289218191587
6280158207427468.0,102.54868743351985
4422394078520403.5,79.16153044486568
7781357035781395.0,137.91570834616337
7281567591142526.0,121.00087235295219
3342792182546099.0,71.14053264768108
4057529721366840.0,59.20234293337022
1992134873016472.8,42.38066109770801
3009192902870428.5,65.50058092657135
6768964483194656.0,127.52521479355286
7397879943060139.0,115.46775930082828
3501363774139429.0,51.80244848383063
4428187044988475.0,64.67234423717392
3033430102792896.5,54.46266421416385
7183965637710273.0,125.38488899536648
8663827524967488.0,129.9342543349523
5432837590588965.0,70.01504470836782
3088467703170539.0,67.58431511663721
5675734273240813.0,118.23636675353433
5539986517334761.0,80.1112194023248
4420693724717602.5,69.35140775479981
5189388205057298.0,108.70212574085146
4284595607209920.5,79.95593323094384
5451693266667305.0,71.31079250085118
4272422554172015.5,68.11677964241561
4183266466634166.0,62.39650688062064
4233218874638381.5,84.60507487478476
5098831951272419.0,102.68323572259392
6343375773092485.0,114.98373597887394
8502138895178469.0,138.51886295240914
6340461368147437.0,103.85001056758344
7042038206852746.0,102.21905633128563
6833210506687553.0,109.827116274863
4057841283961008.5,61.86864193261075
3556173089375979.5,56.515123146981615
6467648218686039.0,97.86247469072366
4737125900977600.0,84.70240386326759
4083721416131728.0,80.65561873561782
4000996372700321.5,67.26857540330077
6131825339576578.0,113.50431915807444
1827162962711972.5,48.44871733380517
3645064514888558.5,58.848029244448185
1170186951251587.2,43.740855318579875
6995434029799916.0,111.66580461472037
5181038567293025.0,89.50811660569507
7239365908373054.0,128.97320596665415
6067865114974613.0,118.76503007654289
4915101385003810.0,75.01411275233382
5476428084910205.0,71.38041598900747
3417417854542618.0,56.71019787206261
5703724110358503.0,105.56665009880992
3569047032935863.0,54.264688874098695
6297503743063049.0,96.1600755340532
5796106401176905.0,72.77509876329931
6101287855025423.0,93.18702225312063
5490596318668169.0,99.18082960882452
7305642385526178.0,128.49292975004516
6039238827430360.0,109.00879764700582
3288612550506674.0,66.7639935366278
5528882130974939.0,74.26573932491534
4391011854569725.0,68.98418727011523
7655991390692200.0,127.42109285207921
4243407718275285.5,68.52842761385592
5971234526207081.0,90.58716765533448
7548497908381539.0,126.39076326757845
3189569931976904.5,54.43439796178983
4227553549637085.0,81.84743415641098
6322713650490600.0,108.7771587808292
7778993890583476.0,123.32934368783245
6365235736482677.0,109.63266829125055
6030327518199550.0,93.39557132892901
2275566456136516.0,48.114149452057795
3825100404069154.5,57.06894399010904
7236966084768883.0,111.59265100233716
4110108267310489.5,61.042354859169485
5899109114521827.0,98.88555625487339
4348303093515124.0,75.35096996587738
7083500011646371.0,113.25218900601509
6053566353722806.0,101.09793443291409
3541092833010025.5,69.92503804735043
1933579016659584.2,43.933851744302046
5957213192971194.0,103.44051709797665
6447455662117360.0,107.07696449533846
4361945549327467.5,83.2849875363189
6690885337055598.0,101.70190905439466
1753421284933816.2,42.32166817036307
3449103902557932.0,55.1735142580283
3958122086166452.5,60.65948807097425
5175249468931744.0,107.1365615925543
3009436130354996.0,50.63678572814153
4614643668566738.0,91.183474574
3693053074557157.5,59.389567697342365
5295172649530297.0,67.68521974792388
5826754231100187.0,76.47935538584609
4917491313223476.0,67.69776439814618
2698919744810661.5,63.45415683037942
3149340847580637.5,59.795756056945265
2248134466480550.2,46.25327978074719
4274365216080104.0,66.60921020031228
4393696371511363.5,67.34075925441078
6515978183017747.0,87.02674374901608
3211433738370926.0,65.21562784198709
3634636503950012.0,85.54852262723124
2647474509084913.0,50.963569453646556
1400125984933816.2,37.597780866733146
5471836068778529.0,93.39279769067106
6641155972983761.0,125.04037942340818
5413780813323687.0,68.98076998356882
6011308798257929.0,112.59605694062266
4841850803591731.0,63.67935115549535
7326155847625458.0,113.24290987720454
4066571154379891.0,67.16688490458273
6783332943863947.0,127.44549458003482
5226165026207081.0,69.48786221602063
7830192305950763.0,119.77483308909682
3237024132292273.5,50.81975540185089
3825707762027121.0,57.00455677478277
5493343036795021.0,81.97753857787782
9099964259546414.0,135.08460016411914
3513067337474370.0,53.386714119274494
4793756402834437.0,71.3430060952324
7770799765913450.0,131.52594021777242
3255222555683730.0,53.249212740643245
6918468089324233.0,95.31040889047429
6211771389925964.0,116.33816401667103
5751355455097582.0,99.5786430479866
6211052806665990.0,122.38453096938767
5326346597618352.0,97.40307572239658
3916827107342314.0,63.11243758467041
4199897749391713.5,76.56035900951487
4265993251169799.0,61.78791616413923
8867194088438710.0,130.4745367833355
6949587432301202.0,123.44902364102406
6825838649872013.0,127.9794060036903
8559513232754980.0,141.29484987970721
4114382226526722.5,63.16270520267165
4312487631441902.5,69.25111138915106
3870449071773303.5,62.747722991455674
7349062185432573.0,117.92975257099236
8370099430238149.0,134.04816152868702
7781952300555443.0,116.32568624451044
7147082572133476.0,117.65797323968916
4015573721639350.0,79.10281795992924
5351044300240810.0,76.1846412281062
5283899662185950.0,99.92710488350136
6721565135521518.0,98.15655918220523
4076626954307847.0,62.01183048350738
5296743467063588.0,97.79021354483274
6861850359906956.0,122.90029673189885
3017409184472466.0,55.895594718866725
4993323015439830.0,69.80143258969734
4334600851574449.0,60.1481860590942
7220555806852746.0,92.62363182116367
4840729738343942.0,92.7300268962288
5218371085089865.0,71.60984888111636
5872646719506966.0,78.0586375764532
4315707563045160.5,86.84327394641815
5328655956214548.0,86.56687698614594
3951710670832165.0,79.25747999856374
7533588372196290.0,96.99989693998921
7133848367112142.0,114.54690557775703
4332661395245752.5,62.62080371187753
6085845861825407.0,99.82825803665395
5175372901711480.0,111.15861051223827
7480858099644807.0,112.88767362090383
4957468258951313.0,70.26743874659547
5841948904027492.0,110.12595555192634
7090122373394515.0,107.90768112978732
7067591053631952.0,92.15276837203609
4521790118095625.0,67.65825686263325
4653745080027122.0,99.2180710144434
6797873678001526.0,119.87248113388291
2222524598125790.0,56.37306254436253
7351174123158368.0,96.47138454016077
5030286362652277.0,94.63839527134368
7012958919884731.0,112.93858725716618
5995270335875000.0,86.62885785640094
3976912632197277.0,74.704648793082
783759963343064.5,25.683125255305352
6476834729774901.0,125.13952492349756
4089873572700321.5,67.23933079683239
2552717468644270.0,60.867137081281065
5615190236527655.0,72.96496703974492
7222654849814457.0,114.72214522212644
1208057803318920.0,32.80205309984707
3339196596596997.0,66.47116526958743
5607147245324578.0,102.96629988817234
6421812965810916.0,106.2208196331137
5662072014691601.0,81.50772936161604
1482554003720574.5,38.15436308107299
6761925431309066.0,113.59569876828321
4643075216100936.0,75.16377052016762
3684981983194656.0,61.735009124502696
4611474877100535.0,68.01781481164659
3701111130998585.5,56.760055774328826
5621031384955149.0,73.85746581586996
1674650114785939.0,52.4745693572454
2974887098480389.0,55.18939257597601
3043839419933220.0,48.382756762045695
4561077142951979.0,66.6990526943688
5117044220789205.0,100.60442635106921
4212308506585549.5,69.75434700976115
4510804545490423.0,94.58596859466532
3911342309280120.5,56.0662273190204
5955859574776965.0,94.96544434782967
6449820242960430.0,111.31588010190872
3571658413878237.0,57.14765732421155
2903657261464618.5,52.84393798506403
7282957546828602.0,91.96181713249952
4230591991548185.0,59.58721285308635
4366749754340901.0,64.70011417175478
7004462742951979.0,112.33994167848664
4936373838360016.0,104.90149940294064
4261617570732505.5,71.87153731756973
5875766907882552.0,81.60079985755303
4088080300211907.0,70.9602799731744
3661806837857452.5,64.3570410186938
4295710131985832.5,65.70465415560436
5848169691304192.0,115.00739022558993
3660678542783093.0,60.13155400373406
4698940207751592.0,82.5741607231136
4537408496277355.0,60.529507166091726
3693417288750940.5,71.94410810343304
4151154539104806.5,86.35573505416366
7450812537182416.0,131.39177082977497
1827510693052417.8,41.319975143185495
4159020232556247.5,83.08856469567634
4582866592298562.0,91.32896305138195
6896947208373054.0,113.18371945756513
2250468196947762.0,47.028742031876334
2159395766930874.8,53.860602766504265
4990771533965669.0,94.07313662289006
4221272446508086.0,72.34041131783125
4376093181202145.0,81.55407911532603
2287018386165838.0,45.100661479594024
3796360455699804.0,70.1426167012421
3537919312107124.5,52.8496661628049
3868240038447062.0,57.39251347498618
3958994707342314.0,64.2534962951578
8745888529616687.0,129.9765908826434
5551505990061108.0,84.96829280891238
3496043853655192.5,59.586545573239086
5352114196980816.0,101.77243973460554
4803785272989865.0,78.23916365246129
3156460263886995.0,65.55022124308468
8000046206639383.0,119.58892132675979
4474370480159958.5,100.55727180492738
2615001092565928.5,49.15419032537086
2669457047007038.0,51.15755646333325
5294351261873577.0,95.868028461868
3915360349855939.0,62.16694311358886
8059131306243833.0,122.77621737825143
3639572726567834.0,73.1132653018906
6222871233244953.0,104.01950752305007
2455249050348822.0,48.96634186718556
6641783703047800.0,116.29591090860953
6382960286246894.0,120.42214033648474
4338881155596453.0,61.55798069814636
6401081971274316.0,113.06942969240123
6349367803022211.0,102.83740931316864
4583738991944467.0,91.29321881765516
3992124184837472.5,63.49379954976208
3040504742420597.5,52.317910521901666
4675374790457273.0,78.76327056604143
4766685879743682.0,90.53112569035656
5742779795199586.0,79.45378474922948
1467310821732956.5,43.12318281499885
3983947983735676.5,62.080925196454025
6520745528171581.0,106.06190229434797
3708543053902466.5,69.29355304574173
2957727626741656.0,71.06372243819365
6670420675416457.0,117.22565759297693
6578571497735476.0,122.49033956817789
6475842183756457.0,82.4773220975588
6921748978227387.0,123.4725664007521
5744892397100815.0,84.12445653891407
6119533694517363.0,81.8004204146781
4809345239002018.0,100.79556607417473
2096745308003496.5,43.527033850234496
3468111344498607.5,57.63375168853077
1595824622438213.0,39.18169925491181
2993574031175922.5,49.33825269018748
5407577354352668.0,75.73271169063824
8835138913142252.0,131.0963603733972
7270602762137250.0,116.16251309975162
6401600467805750.0,107.59840800237477
3404359021206933.0,60.125193445226685
5316268468013177.0,110.34487882955807
3726616027647417.0,75.93277460863106
3301071384237501.5,62.55691278424694
3927950515633472.0,81.19968262441239
4627937570070274.0,99.80887126785234
6737540348436071.0,113.41673951334683
5206234228400125.0,77.74949082151758
3259497289475639.0,63.83074207730782
2182586913623420.2,43.956469024710415
3944529822087555.5,77.30406452633771
7779810756140383.0,130.56761672153152
3084920849241413.0,52.66738715877923
1745696563343064.5,48.2059501706862
5951644215317321.0,119.65097147792983
5319671206406113.0,72.69595387060893
2440439222982143.5,47.05117623821913
7796047595064318.0,135.72148539997468
