x,y
7788112505431886.0,112.31332415054337
8530985365861350.0,153.37182717985036
8892432394970149.0,158.4179015663892
1.0172747423852528e+16,166.11170597870534
4325499748099567.5,78.58979334505308
5089180502693115.0,94.04404001347399
7832612294701822.0,141.18752257856713
5594145132304822.0,101.56332491499252
7053258142329867.0,130.48933001062773
4733428090364676.0,88.66569644911
1.0413484879488086e+16,156.96632705715393
8987139047247849.0,158.9978874890507
3136790556539714.0,59.42964322269488
7166641498647035.0,101.43246849552989
6208744099668390.0,91.21423867538014
7045578804927612.0,134.72896646311432
7334337323398750.0,116.33169767170477
6726626384483377.0,130.63663306132477
5680868629562079.0,86.58976362033835
6176395614479724.0,123.90182853013056
7156369442909876.0,138.2821228051517
7117537369309816.0,117.01250329939046
8143450870118279.0,107.95884104047263
7711311516304391.0,106.649847213642
9218729045689570.0,144.4565972326739
6536612536728638.0,113.47431030465339
7370629879426079.0,136.16229475141037
7111683456631747.0,130.52980790670046
6609573857214327.0,113.31701977778968
5832740748567763.0,97.36743493834436
9714806429801834.0,142.33121068343044
8044151118719093.0,123.95687994058113
9390679052565690.0,149.2812358141183
5314310735656200.0,97.06160563731997
1.0004943699888184e+16,146.01070975413108
7216170533827532.0,111.81943357430362
8027999443068663.0,143.86975696324353
7158096390914661.0,122.32106415631765
8153550478484991.0,143.94551147001326
6894569005851669.0,116.0005284278724
6228712152034310.0,109.45779218396271
1.1174771075538074e+16,178.14702086327483
7684526824428556.0,130.9564687514918
7143490331599140.0,120.45083407951859
5897622965788652.0,101.73524862834753
6417319012643924.0,105.9383628537316
8401126636057826.0,133.19025754370605
9100288776709658.0,138.4296924552921
6775444683753142.0,100.02388807204352
8970694487222148.0,155.24004336085807
6063596518113619.0,85.30054841089238
6696944558947998.0,133.51424272006034
5766541848562274.0,90.4750247827227
8424391929120277.0,156.50703423110917
6135751199104569.0,94.62516562869081
6765374512779756.0,91.1721138794644
6445097289063866.0,109.70668439483723
7544996493013326.0,131.89875612639764
7602707960172960.0,110.64831406450877
5763805297041367.0,121.07238523428651
7596287305555128.0,138.62828703705185
9587045710828750.0,150.46362853864943
6477142772989865.0,102.57552288555824
7133029069849734.0,111.15637285639507
7662245470391405.0,119.21039663260566
7793963246478059.0,108.19726531649539
7388863328531783.0,130.81464634325025
4864775160583280.0,84.43548564879623
4487747229435419.5,84.71907729791818
9032463561076968.0,144.29771224951506
9209648247170318.0,150.058129271806
6340891808153798.0,117.66018581073126
7226337202922552.0,130.12493921491475
8856748713674344.0,149.06429337444163
7822179776835859.0,101.12163702487113
8456412140503047.0,127.66074431350782
4386898771950640.5,74.50511253046955
5248932331985834.0,82.62190862096125
6879109576935642.0,104.3237658370715
6563236536032237.0,106.21540575912881
7783218601685488.0,140.42264812911
6211317772228387.0,108.72666945293564
4581608382023731.0,86.38833469381466
6306933712728673.0,93.30125795802674
9786262500181114.0,168.96647745018325
9190560653120646.0,162.57099096965487
8545894498205723.0,113.1664555644775
5956937590773424.0,114.23776366179803
8282288737136737.0,137.99046722781955
6260033840542767.0,94.90025729629139
5996951701621241.0,111.59972848391786
7254504535757980.0,125.68450885052124
9134950721011032.0,122.54869900296623
6536643312481197.0,108.54480984216127
6363797349827006.0,108.64514376605825
7446165593376374.0,110.0172267873249
5356510460816601.0,83.69800828012113
8614033513912181.0,140.90167118715405
7593801069855788.0,106.90847957490807
8047696780583605.0,126.22024154355314
9177872289063866.0,160.09983189207352
6225552667189673.0,101.9285253346237
8420969033457423.0,152.18029625587604
8584331806504324.0,145.96142973868524
8713557594683238.0,156.6196961730079
4544764302816972.0,87.77008882812268
7367296329607057.0,99.64981740461683
6690725143685859.0,131.31470140308093
5856429612635068.0,99.93066105153966
8768946559722548.0,151.1882225544748
8127546206292533.0,147.21232522634946
5404752006670298.0,89.99111254496393
5921685071003926.0,89.25902161483353
6709652272413347.0,99.22618037530648
9095666095890168.0,138.06507570595477
9010947156997270.0,123.84594723241108
9153832081244712.0,144.31859204271763
5590248602375045.0,95.0388163810963
9224128953841948.0,152.97556714103592
4681184024117631.0,73.65991148385781
6251968506856439.0,87.1570076972438
7553620964879714.0,133.79272199456975
8904323982798947.0,141.96834258900446
5110148990193330.0,90.13411332660996
5390124765086590.0,96.39577718747678
1.0605571982797374e+16,160.8079577304731
7807519924513305.0,144.48011381743288
6589282004792959.0,101.55623109622785
3856225655677676.5,63.64312076582257
1.0094812182581434e+16,151.04608842080742
8871680683092036.0,158.2160036041684
7883718201024382.0,131.96187312481726
8898073953228693.0,130.71656991117607
4535887842395959.0,78.9375070593188
4601449900662232.0,82.04016859235163
7749596830980553.0,128.8321732952956
4298752708472393.0,80.289084337035
6914533584685706.0,114.13886401735277
6555297882023731.0,127.37229654404209
8143911342825212.0,132.35838545385602
8898648758071280.0,149.97882918855248
8304276145292979.0,130.5418947931065
7332238168672280.0,112.79140969003907
8215702487144053.0,120.18659228307115
6734031408063435.0,127.28760645234377
6097695207931337.0,101.24207364764976
8666980112671032.0,138.0936449942809
6962130577470645.0,102.6689002014785
9570072899563750.0,150.09010099287508
7628559965510191.0,118.92537644671252
5145022449855939.0,83.78785952152863
7467208248865261.0,127.33669462030318
4747301083281370.0,84.5612724766801
5424813559860406.0,100.14630116341111
8684804441933499.0,147.0967681351769
9820367517920230.0,147.2537983391937
9804254794722162.0,146.65887310697204
9429042757745498.0,136.2579283932727
7970740314568882.0,147.04329131102403
4895797981524744.0,83.44634333701876
5991068783658022.0,89.449478104853
6025422878362655.0,97.83601164788854
7397140007963776.0,122.62174342475214
6524635900163279.0,110.45735026168234
5862899077271744.0,85.82336030101784
8460422583771726.0,132.08687299995893
6221489067688626.0,126.18113354375632
8408522373249742.0,155.69023079766242
7974660597839307.0,134.08812291668744
4947134562068784.0,73.0137107841563
9003654449183736.0,143.84444345012176
4285423637133862.0,87.88854106502333
6285363548775637.0,103.43587463694111
8147891123031601.0,124.27619657000342
9964632164612776.0,147.48947199702894
6625040590588965.0,101.76681134445258
7741700356875654.0,125.71003642344496
1.0054494971952382e+16,151.8806212910633
8320986541491348.0,145.65791678157652
9701943513682744.0,161.6941589653874
8344268866667305.0,140.9202288296386
8241599428390495.0,132.6330448713454
9288989259261794.0,146.67533950405416
4301759715543233.0,87.42117422504026
4968902001515746.0,82.1278954219558
9633263299133472.0,147.05977266369229
7621836689674538.0,132.84645842673385
7110521883735148.0,139.74637589117705
3439878648610443.5,76.3007625078453
6660056036704992.0,93.38711368755514
6479388148850658.0,97.67627893831235
6111912397500634.0,104.59633277251649
6909433120200797.0,133.56819882410818
7733853215696286.0,135.8341641673799
7212866678500513.0,125.02294423795226
6947558805909310.0,116.50208392039376
9216677935983724.0,154.8438805238091
7093960218232728.0,103.86745902337582
6783438082479429.0,106.58721319188014
6405392001531820.0,115.62377653965369
9696115746446866.0,164.7848462004273
7102110588256052.0,121.71902874659922
6877363677277234.0,114.35269328217018
8289920519002105.0,146.00099575116838
7200798102153282.0,134.8157663160854
7637115864925149.0,105.1838578153912
6752543518915560.0,136.80823239310186
5476250018259211.0,100.74375782570577
6823293500316947.0,97.52363961512089
9133974183261654.0,122.7401592838772
5593900467174658.0,88.05327857202211
4007652389427636.0,82.33074933808348
7569453944891324.0,103.50745673538948
7429318519430953.0,137.2883113333748
5454902148571339.0,94.16961815074623
1.0913487318257744e+16,171.97174241999593
4229944183281370.0,89.47991652045368
9227799623245082.0,148.4261985921692
7097512849810932.0,129.03196909590025
8967167177731136.0,157.10130793597537
7734887950322266.0,130.1437864957351
8159655959083706.0,131.50745901132134
7477756999912297.0,106.1793099952426
5893487871039423.0,86.82266652395012
6564097495893746.0,104.74268983258875
8206606005459399.0,122.07910588068141
8801805353084569.0,150.21436496581507
6127631679055405.0,109.50177725000516
5422643173542247.0,81.21262297548434
6991597577548176.0,115.14222374619052
8047504524026901.0,140.15066774270045
8273787260581708.0,140.19833332257102
1.0295872940329286e+16,171.5356655835027
6785413243796929.0,128.16799856513555
5123313555912518.0,95.22773533024088
7469292653706117.0,117.10679770019439
5662555261396029.0,93.43904926816225
8110667517968858.0,133.53324216449454
9593754141005610.0,145.91863787193574
9774760753841948.0,145.64702248969675
9651898146811136.0,144.95269979701789
8347878469715081.0,118.94331182374242
8195984465180195.0,148.64879161808275
8706807663929561.0,139.87750297039048
9005818987859684.0,151.3705833783437
3918382930508781.0,85.07851481289283
4114658084054737.5,79.8948512636312
7782328095102456.0,141.5674636194691
4656445415313796.0,111.4550701201674
8713743154485590.0,145.40631442067624
8203017199182100.0,148.9056905129587
6908856370481558.0,109.88862620511208
4457704805932892.5,76.69397632031479
7771776354376866.0,140.0616672253747
6050394036021777.0,93.2184503116958
4511378865909520.0,87.46360019021786
6527039312425071.0,107.96091672850042
7133071588303002.0,115.84077822956898
6897706343990850.0,131.179899444114
4660784386745932.0,102.61621348534808
7165333908535207.0,106.92246894034335
9285777977052916.0,144.55399664471943
7007259702420604.0,112.13429241136524
6646390402081123.0,92.91361998943054
7408905010649090.0,104.00570872623926
6983751846897192.0,100.40067851946039
9159303442573650.0,143.67080813691737
7497838006270405.0,140.70112652124664
9112098506597930.0,138.13599448004777
6752580057623075.0,94.99382544308347
8156251547123190.0,131.01855456965257
3026682139011200.5,73.17972246907952
9411270787221584.0,162.75370831106108
7444708213659789.0,132.62223040678614
9521485513912182.0,139.68762394986692
8052741925270475.0,137.52602579164616
7995749776037026.0,127.82375470586129
4562937495453167.0,85.91470822848837
7520332249309925.0,112.93297834814146
8269266469693635.0,142.3826687776915
7535583343612521.0,125.85034278490883
5906385617074270.0,90.46925472193462
4119403660284721.5,80.15270655642237
6070111313656474.0,112.4038605770655
8667253887688475.0,148.95596932554406
8321108370448346.0,139.25322373934955
7884441218146673.0,120.15682743449422
9059533260581708.0,150.37832111406846
4713959081524744.0,90.88877559347287
3253980832227290.5,69.48080919555217
4689192357897009.0,72.922951819103
7046532481349350.0,100.67847623887855
7494830907985904.0,137.10861587017007
5091938029977230.0,89.26872092837894
8178193743690125.0,132.00400932390454
9305665165311226.0,157.81995212078053
7878556153628085.0,148.86967789593902
5725670054571645.0,96.45731751854971
5384262829783966.0,83.51784407589717
7415270638546158.0,139.13834689044822
8443957053706241.0,136.86759497314773
5387081939032647.0,94.21814220108902
7328539181815740.0,106.65296454986397
8309966012408997.0,136.26137358298152
8380690705851669.0,151.77467055591484
9895657659326040.0,163.39210394252325
7792530702140733.0,140.66979538261444
8225203478182995.0,138.14914964292032
4322781626396625.0,87.73182812996262
9040687447553300.0,117.11977003421423
7338924227063065.0,129.76250973673038
6731671447499414.0,108.46763096928346
5873604048838277.0,109.29052504566043
8830796602603491.0,153.78403001463295
5238231136020471.0,79.33042570923081
5109673225135417.0,90.98753241837058
8672228544347393.0,131.90394161619236
5984299856403882.0,126.07624793170812
6633194269714466.0,98.317020582196
6101701978569531.0,93.58527702240568
8215819952457053.0,144.6514889603126
4400580973633101.0,75.81513330525523
1.0440884864126288e+16,154.41251402282055
7170858687086316.0,121.82638531882746
7355586995245753.0,132.30060699444564
8274627915953734.0,121.69455957833704
5669728165637009.0,85.90848323733825
8695789853310567.0,148.35993271969627
6438534563506343.0,96.11696543181151
1.0172553705362354e+16,157.23108864280783
6503389355299911.0,119.77466334744042
1.0070652071874904e+16,151.97407785371485
4746046729957788.0,91.90967565114389
7115678003684443.0,105.26698863323195
4385247671602094.5,87.82795874239108
6146081508121172.0,101.4457182827687
7013092052382890.0,107.65434847175224
8980960492373051.0,145.15349446007073
6320517658145443.0,107.3053941923616
4648842637133862.0,91.2871358198333
7514792091207677.0,142.069229976837
5652169073755610.0,91.3651284280146
6782878758763539.0,102.18905421167574
8418778830431008.0,132.43086286769864
7395736404969595.0,109.58306434088541
5772140666449758.0,86.94501500443852
4450143224269397.0,86.07622288985485
7830567050139379.0,143.18687342187292
6769882623743337.0,108.16005915611217
1.1079914140329286e+16,179.5209661797191
8907660163005336.0,121.00388432903925
4609948184323556.0,78.32652228925177
4557972706937664.0,77.43267555347656
7163731499547677.0,116.78879166010184
9618642894722162.0,157.4002286410799
5152336479221781.0,92.77153566727482
9365603741839892.0,156.48738360280853
6248653823333197.0,100.8402313846027
9350270666112350.0,137.27364677597095
7603866045846967.0,116.5328581804136
5214567190761044.0,105.2869709793862
8804132052684762.0,132.99842397436336
9996511868900144.0,154.05075007047233
9566376459326040.0,146.77644031797877
6947083867404095.0,126.7535986983363
8133678598997641.0,128.09258458214177
8194964608752264.0,142.41837716316115
6669902460969816.0,132.8935329054047
7554677343739288.0,136.31956311195236
5526923618833771.0,95.82283817838743
7396164952516992.0,100.71567005888265
7825624338311316.0,137.4956462127168
6427649707138421.0,92.59558127969643
7119955999235529.0,113.56547107799291
6297955753178384.0,97.09371629246074
8443989535461823.0,125.98895364484981
7168086614908448.0,133.5201982995971
7439220090180217.0,118.99962831539315
4791480121865793.0,109.72522936710855
5179745525910750.0,79.62144121093498
9038059019464864.0,143.46110481161446
8683791125190034.0,146.02068929748606
6055261904883476.0,118.83967258985233
8695872342709482.0,131.76222899841312
6991176048027271.0,95.62619421566833
6695796161306405.0,104.30006389892424
8363958721011032.0,111.4008641344601
7887961036242234.0,137.8275623990047
9563864374201350.0,144.3822040391501
8271053919285203.0,143.46820776112764
5688120290094286.0,83.07495550597453
7911411371051972.0,141.6899950530795
7103844066432378.0,115.97561612080098
5803794865221858.0,89.09173461714458
7303608838759521.0,130.28187826457292
9393591161076968.0,159.79947246385223
8622185861197681.0,148.54571990937006
6546630956661330.0,108.20205356455422
5931033665269860.0,100.54109763902879
7009820988541498.0,98.03049172838307
6279296842206625.0,104.49481227492723
6218372543771914.0,116.17939728723005
9929415704190770.0,152.86663089630926
5548503443586200.0,116.01455785626823
8283442477268305.0,150.44223295351273
7920900365143775.0,136.69913400145577
8691596148886707.0,134.16704256815464
8283106266573700.0,141.031991113612
5104959277912019.0,94.57546581374889
6660277848075898.0,129.6336464788812
8175643688877600.0,137.2011490976819
6610189068224968.0,123.36510303216367
5328305134857338.0,94.92014584534643
5936285647383681.0,87.03777309281465
8229758888536008.0,128.63368003018894
6951085738444153.0,130.75844366203088
9334985560804052.0,149.323848709526
9296210183641948.0,149.02070535998936
4386060770936804.0,90.84609727738435
8080937970242938.0,111.87888355497981
1.0484960263753566e+16,167.41445172108806
5269875320116048.0,82.9991789915497
7070901460281684.0,110.34417035994412
8734906722137013.0,130.9405952932848
8128202899843707.0,121.69593531438792
5413752576890664.0,86.36865455054364
4655387489475638.0,86.75582744802755
6940940813867203.0,129.69172402750283
7885845254449012.0,146.7996810450731
7969087792076041.0,136.8562192044771
1.06763753518289e+16,175.28019196557986
9005698618654111.0,154.0416570626887
5399723128940617.0,97.92235060676619
4447846941843578.0,73.77408068866322
5830051961378774.0,121.63536213072011
7236572568454320.0,121.38620645280687
6958967231355233.0,131.28244093727875
8454047839425068.0,125.84929885891671
3335129220617995.5,70.78331156955373
4970206230971624.0,90.26156312221461
6771270501176905.0,88.67700869382006
4896478312457782.0,88.87602447109734
5176514735962278.0,94.71950871101357
4368919731534893.0,74.56623094103831
7569549024764658.0,146.78912293219798
1.041014702191525e+16,159.23048015443135
7111556846267206.0,100.51994519760989
6029103377100535.0,90.4173815204607
5565976219220956.0,96.64718260853365
9094471341933498.0,139.57867587283587
8120785254620221.0,146.95564540085394
8989447094490379.0,142.78475597706867
3164789427153918.5,67.17106893372605
7802453689610821.0,146.10904397900765
8281232923405895.0,132.38009348588253
5069937290959690.0,85.43225944820696
8074503424581771.0,152.43742928909677
8480068657124037.0,129.80278426627555
7966865083026812.0,116.8241056270055
8979435077286299.0,151.9743188340158
5525386823341648.0,84.9902827585361
6371149189021883.0,125.99988643614337
8214182337383639.0,140.79433963855737
7874833552247058.0,121.19255107961153
4449022706444227.5,79.61647278788307
1.0043625152994416e+16,153.8848921773305
8054542165391048.0,143.8248557283295
7455991805078319.0,102.73592463677201
8708533766618644.0,135.4961952173625
4949991529529025.0,77.88588083790833
8583114123776515.0,139.56290789855927
6250554049183736.0,94.13944906082895
8247356835620122.0,131.2545586472512
9458148731016602.0,153.96756811628313
1.1004869287131294e+16,163.7374883985968
8332770369702700.0,148.68207280642383
6403996753178174.0,91.75345856914767
7975380693727595.0,135.17255332748988
6837707807274168.0,100.09473786357358
9256562440104418.0,144.90321731581122
7300947254881140.0,100.78113282117704
5820453607224476.0,89.51202514229655
6453374067697111.0,123.90820115322876
9132126581365424.0,154.60750907563389
8230286129715291.0,133.89089452141693
1.1597534181325768e+16,185.96695002623002
8754904572790902.0,138.1585441072783
5180350566396329.0,95.0463568026273
6152248323482970.0,104.54633712235913
8521466134120548.0,137.44315568839954
6550330400815934.0,101.01250599572141
8521149669715081.0,131.84716464836586
7577350818935535.0,127.79398397684878
8198121083961009.0,132.62142538993402
6520900772539048.0,123.50261587466895
6851440188152700.0,112.48906903950099
1.031461844132098e+16,150.81223611688847
5944550390571095.0,107.42280470175645
8235523454665250.0,130.5926738273591
6608642860876296.0,127.31759285423469
5976853094314637.0,89.90954674785912
6493947214300064.0,112.89682607179071
7896919529648134.0,136.35344430482567
9248948177454570.0,150.19087048581832
5899937605648943.0,95.72549446967255
5402711995649839.0,78.89118851503886
4489494183735676.5,85.39234662573662
8015445929805530.0,135.20218028675788
5712530614521263.0,86.26025716292774
8093912853538347.0,109.86293906406604
8106529194145751.0,148.52168659262327
5280742109719011.0,103.64391681457857
9967808128309272.0,165.22522019981872
7650115338461618.0,137.09573435271156
4911532407165529.0,73.23054763367567
7345584154021609.0,114.78496090378559
5016411147454436.0,96.40826078663879
7681030018259211.0,133.6520858045288
5001729760263604.0,77.04934188031339
8444077678001526.0,157.59349257310717
5573528612391161.0,84.22777950473785
3590611371706733.5,64.6152044998568
8421589056358343.0,135.1307217879404
5825066094890665.0,111.18665993473589
8089171521987409.0,137.93219261943162
9936706029792770.0,150.47195580469355
8501254723519339.0,126.8998315740749
7489345175641476.0,137.11092627624595
8650048618257743.0,113.1785468389541
6776015242293903.0,130.19171964198372
1.0997884987131294e+16,163.1838298639937
9353215587127978.0,164.2663700565077
3673341837989846.0,81.56470209527218
6690737342420597.0,129.6959532328075
3405779045832016.0,76.92555157797543
7993351805906286.0,121.4955255628555
7725543639074015.0,127.1393219566864
8788822392935062.0,121.21587528622523
5224752671724642.0,96.99703821486825
4677006183198754.0,86.4548058489302
6862388359735747.0,117.6678970901759
7504257070935336.0,102.27534188259614
8198571413801111.0,126.73728748823166
6740389670034142.0,96.45275972323604
9172667953782254.0,135.4704228928023
5917546967595021.0,123.64387521271799
4999598595604934.0,95.93772409370541
5883529763387149.0,102.84535869064486
6772291537050277.0,122.40163229653895
9922592947306026.0,163.50388901425825
4804297896596996.0,78.904694098474
7752287652589766.0,109.91271629922377
8806050758295621.0,124.10195882475678
6553036243011478.0,96.05137890958562
7582730405648943.0,134.07465678492372
6826291560250491.0,113.41736349733664
9836181677998500.0,166.5775398030677
8656280011196045.0,150.6921690469079
6159132337079181.0,89.46625135543461
9592589042480044.0,148.43198602994187
9629559165510190.0,160.62399859992993
4674573102054188.0,94.71930915476253
8336449820506193.0,130.74866610806043
7352410098708255.0,131.38343416780447
7446572676740572.0,144.18677845379776
8173358666449758.0,131.66617804860834
5302253683771174.0,94.68248451302898
8373089226207291.0,148.70956315188155
7123754195344443.0,127.10774408341655
1.0932047934908262e+16,161.78725019631625
7481923295245753.0,120.966815383762
8902915648757053.0,145.87483658109542
4928646507198155.0,92.80718161103097
6218083231342120.0,106.74529816940318
6504456776118900.0,129.40427558201296
6024432837254575.0,124.36850285074189
9818183418875874.0,159.60345924991796
7452735677757619.0,143.81970884248452
3337769320711601.5,70.6679717690539
8856984839515922.0,139.451315804405
4394612807291760.0,74.01623184398079
7123033280821493.0,115.07407245815024
7151547884481408.0,119.05432368533296
8875778690061108.0,149.4990153676522
8975536351390669.0,148.4158982467425
9799510029165256.0,163.45213282458067
4983466813691886.0,101.85959287953816
9004503229165255.0,142.37082049742372
1.1496064152700838e+16,183.18339826241103
8546388688895594.0,146.61522419893544
5283334130125558.0,90.34973576668646
1.0457461103816584e+16,156.71960201738065
6152953697542617.0,97.9693586249844
6081838948747423.0,91.92410353855487
5214131568468875.0,76.52325568301657
7968198674277119.0,110.52385699500127
9809065041812784.0,149.3258333485838
6451566036672512.0,113.04790322324848
4444892721240073.5,71.02391119132805
8142492645386584.0,128.51854625260566
