x,y
1.1123130730255614e+16,170.86760024809413
3198003950230233.0,63.42154592756283
6608773795340749.0,105.0560676621028
5141316373134148.0,88.7563773517684
4540127954578790.0,83.28354814555529
1.1381538103806952e+16,165.5197518810811
9789984095349676.0,147.270668689598
5674628741257429.0,103.02296933506102
8613557271205726.0,139.5899568288836
8350509648976860.0,130.14393128525543
1.0139824447263922e+16,173.17660258053618
9756327242266564.0,143.77806816655857
7188779457214327.0,108.53941036912042
7457053935578459.0,123.14219714490392
8334742075715641.0,151.5317250408492
8431068411935183.0,122.39281168852324
6691061864158913.0,99.7352734364087
6035366267352524.0,90.73079005709648
7058762793853798.0,122.22935960961455
8317998205459399.0,124.54552709111476
9165026267612890.0,142.86217477933496
7917185797881290.0,129.5205043492159
7296070459343583.0,131.2823697448972
1.006919511697165e+16,156.92016198339903
7315617495346239.0,115.51978647294727
8772336377557190.0,129.45634281610722
6860420644603247.0,132.69659200384945
8066152942203750.0,148.89042734659415
8119815424900366.0,147.42578811938208
7191511352675821.0,120.58253205374855
8282732367474140.0,117.13374687377402
9396107235295446.0,142.97673838014023
9951936746870082.0,165.71357974259985
1.1293289198379546e+16,184.2859505998795
1.1894645803185492e+16,186.9720392646923
6355864690045034.0,90.53546861639573
9880077534237672.0,151.33904750351567
7253659113565620.0,106.12223864437813
3904612667024480.0,80.46870797656062
6381310625279541.0,106.07676195266342
8532646740503047.0,119.30286173573596
5063464782450525.0,82.32611033273719
5316967185400144.0,108.38537148190275
5121185296993365.0,117.69550178780837
7032116868270625.0,101.44196778283538
7492800924549759.0,111.14424374263108
6227983098460769.0,105.54406496394111
8800296121583452.0,119.64338824290782
8928874978227939.0,136.85683510857046
6851188373662005.0,123.8263762306777
9925001823528404.0,156.43131541960508
8955301681842848.0,156.65684448893717
6577125183185641.0,110.70630332564266
1.1291564597808516e+16,169.46922866347833
9293649122209172.0,149.08543585134444
7474981152598831.0,116.54060427742412
9682854947096154.0,162.80653711634972
1.055241048898264e+16,165.68388851279627
3048930985226322.0,70.29513338769335
6739778093821200.0,103.57890787885083
5927889287612462.0,110.67115533779152
6809884943146194.0,112.54721746916049
6979633290271071.0,124.01842536181375
9776476217182504.0,152.67743192861417
5857971889743128.0,106.76373629622563
8196074151301045.0,130.73412433513633
9083096343604070.0,150.7307750034818
7747809789831795.0,133.67730526301978
6513762012886545.0,133.2620969868867
1.1270160509495342e+16,165.6193642774126
6165001925451483.0,116.51769757659757
9024035824428556.0,148.72854466002696
8627282750405892.0,126.45867074755103
7287336460843157.0,140.93257127042585
9519280923969778.0,163.75392792508708
9768906946107298.0,170.35898170827264
6852997113097826.0,112.87206936152718
7228099631734408.0,131.23470306840642
7153761789822612.0,115.89907879957197
8309406258313777.0,139.43060898722578
7687990776948277.0,119.90455876874877
1.1256530269144052e+16,181.71778891442986
8012936086501432.0,111.67937133405772
7069760300344162.0,135.69809785046627
3930108878524095.0,81.30768703141462
7147095922302777.0,117.33308044915273
7708230470662210.0,101.79405785262826
8010638388877600.0,148.58890374823457
5158181877199754.0,98.51086693738728
1.0050002375760618e+16,163.86464950644117
7070243265188804.0,120.99222775599313
1.0408708670165406e+16,160.01234936832725
6636966035385810.0,109.52440357243293
7493568287008870.0,107.97858198871057
8614845893727595.0,156.1387489176923
1.1326187657133102e+16,177.75501832566988
9657112752115366.0,168.32578845691472
7345473835529969.0,117.69230470973615
9724613687558086.0,131.59434018793692
6835998221146468.0,129.6823376187564
5871557978127728.0,100.22594686640984
8089407310589395.0,114.42526737686724
4836526928486839.0,83.857723275508
8082948519714393.0,142.63730775550678
4771150655479432.0,88.17239507776463
9709772300365522.0,156.10407578079582
7921897395196061.0,130.05468602789628
6138141389991115.0,121.10009665481081
1.0834764323235898e+16,162.99924394866574
5898594889991115.0,118.05932926509088
8302318583500626.0,138.35968729183506
7136822888306571.0,115.71374567407578
9415481688149334.0,154.21009634695292
9877141734237672.0,152.674355002357
8531814112817955.0,151.7164968765629
1.00260356518289e+16,155.22115554215233
8726483761197681.0,151.85146173035378
5695542504661713.0,117.68020336733179
8272338770484395.0,131.76933749421084
9175246094067162.0,146.9050691571877
7679470706444227.0,150.01701697170637
8261018358421823.0,109.39876165730679
6037141422360682.0,127.45346335914948
4612473111463535.0,73.85324471298343
5236086855112137.0,81.29997564864179
7945640894601449.0,121.95687809805801
5582747212638434.0,92.07271660648688
8743721896098044.0,148.6845340515834
7574286505362355.0,120.93392132017827
5894240113596813.0,95.73658829872858
8533295646426976.0,151.27380995153163
1.0710325864831544e+16,175.096734008569
6960643590560061.0,120.11695363206391
5615575355205742.0,85.63667155766642
1.1661488775538074e+16,186.5555694327083
7928138820132122.0,147.1904496153238
6797727672048727.0,114.81662688788936
3451237184302724.5,71.24505769467515
7343675400755837.0,131.21980346821346
7221460907586626.0,113.19943156187341
8280866007829123.0,138.79535180668682
6955533676308126.0,97.38970920786808
8207057378182995.0,140.82826627944624
7386557841239922.0,100.83184463634488
7814520237631626.0,148.32346910368895
8432874253875859.0,126.50792084150454
7698435766522532.0,147.31091623391663
5418740612391161.0,95.14761606821942
7621556276935642.0,114.49659060002335
6558583600163279.0,110.11340002857888
8145183823946133.0,110.26795140006739
1.0007767735385686e+16,155.60843342854983
1.1262351362911732e+16,183.3650928700878
6066423061597012.0,122.50559309421712
8625720379534239.0,150.18817185759607
7643065631061653.0,137.62614976920773
7660704031692745.0,138.47103226016054
6322277996638108.0,129.23007993746634
8704054494129677.0,157.30148146537627
4221391342779778.0,92.14463447134217
9089826253808738.0,157.47190451233132
5784079519389842.0,84.09575840465078
8907209766090787.0,140.04519943804897
5680122029883061.0,90.34748633023369
1.0735105370526378e+16,173.84638038568764
8315823312560903.0,143.03444117073406
1.0586554905459398e+16,169.2476269050149
7031816088039205.0,116.65556389227295
3901744130508781.0,86.64103943632618
6005146629789456.0,107.18253366388747
5763753159600039.0,124.26020953701776
8495124683558363.0,139.0147682894948
9285760533619542.0,137.8990339713725
8766599669216296.0,136.66959213762266
7317196625770078.0,137.46020166157777
8309391245292979.0,131.43359797096332
5348826365237380.0,100.82744078717928
4557662460945827.0,85.879126854276
5970846933727832.0,126.18698200454008
8609224863506343.0,152.43731108685225
5454381448018342.0,93.68459205939095
5152338225167856.0,95.2336089914402
1.0602602464698708e+16,157.72156245162336
1.1368498299151308e+16,169.48631258706553
1.0204437764110212e+16,152.28158027652134
8211796054353283.0,126.3446258493168
6403441011913737.0,102.87987561853463
7710688513664874.0,146.16643147243798
1.1216484739975192e+16,171.6416176989882
9528603971766180.0,164.6812871811181
7378712329435420.0,137.6420671319443
3711256871670684.5,85.52438233806431
8422814880493366.0,116.7263241995908
4716924213121472.0,91.23643032237038
7050528249611521.0,126.52374187301832
4931460188256052.0,92.22852696838437
5788728209144289.0,90.23594359239358
5123665482969317.0,84.91669380825138
7199576727828532.0,117.81266815546438
4864173320141187.0,87.23316852997571
8032498387041924.0,126.2202835589101
4030048425901736.0,84.0415497712881
7557767321915250.0,121.01371202992954
9454043700909538.0,153.40648475982414
7591987812753708.0,130.27894777283115
7349248650322266.0,138.01771537694646
8950993866090787.0,140.96055948711472
6147586377016867.0,108.1993685159707
5080312272223556.0,82.42495744238386
6062448395073552.0,117.14486784228039
7583408359530339.0,118.81784951962084
6213682827752959.0,108.33404519961393
9085143571408576.0,158.0492223453092
7740963135656200.0,146.1118438096323
6085933033827532.0,87.11827882819703
5021485341734853.0,100.18205971762443
8068060079299312.0,146.16756071696477
1.0813139953238324e+16,176.83628656406455
9322908980604436.0,138.13428035419392
8912881411369806.0,141.66928930379112
6352102072359388.0,120.30831566756451
3860180760113512.5,81.53589483342846
4980852072214615.0,103.53780231344602
7768353756979805.0,123.10415690851892
1.1061542221011032e+16,177.26528006975292
7013309477998502.0,115.23469123516014
8054732087729586.0,146.79562906234187
7534965065675208.0,145.712601092614
6647075196334506.0,134.60061244688595
6339574595183512.0,105.82890541214056
7305380693935022.0,143.38797574664093
8562074246166995.0,152.64842082330088
9268736134917892.0,140.3236481792462
5427816832688641.0,105.29297496424448
5124573006081680.0,96.34236710895077
7339823167174782.0,140.91412580010754
6119275872956777.0,114.00351653774207
8610115945386584.0,133.97323071060774
1.039940127497128e+16,157.15603567673696
7782949646922207.0,103.09555055342233
9266485513052884.0,144.63592805958766
8933329787901347.0,151.5796602986823
9369311911387798.0,140.5412339353428
6404236942302354.0,130.99596976667388
9969993824005828.0,148.54428441406148
7301850341317526.0,98.00153256443365
7351705223516024.0,109.47168810230352
5735832407859137.0,101.14211798494426
1.0037734713094248e+16,164.57915417832905
8279170924612964.0,139.1057891072817
5102080157917578.0,101.63925260709236
5786650465180195.0,103.84574119667835
7320637236482677.0,128.42640334495746
8372547254485590.0,142.57893337248873
7868798500770956.0,145.66344247254955
1.0594363637055598e+16,161.62045046861655
8984972271656052.0,141.6810456861668
1.1271149517469906e+16,180.28985904253807
4094677854542740.5,74.31998834623194
6826638730201571.0,116.4861505511181
7045421614151153.0,130.38614264844958
8076213883062922.0,148.88449726115363
7480113077740077.0,115.00171057098103
6687747964545534.0,102.27143380378365
8771615583001797.0,152.0288240605625
1.0282977542326258e+16,154.25859855558787
1.0720480894854876e+16,160.84112855166686
3559432909081475.0,81.73595665094268
8690933813571674.0,154.97353205007457
8491366021987409.0,144.02501559698288
5320612372223556.0,96.07222105300373
9119366327922702.0,156.67912627396115
8121287801419402.0,129.99499806294827
9488068047594410.0,155.38027763092848
5359917560707939.0,84.56001932343301
1.149062328579457e+16,186.8479271000657
6031842411333757.0,108.35567931301019
9655283266482810.0,152.41152403978484
3888786002289113.5,73.1849114587881
6366016401878794.0,107.39797868644514
6687514254503055.0,90.03993013133058
7651690569460203.0,106.32372747135858
8076767700633098.0,129.31149719945557
6112575507243060.0,100.048627135772
7652358448854227.0,128.81171693394973
6348519101972399.0,107.54962239988855
8426023184594976.0,144.4380422285228
8524540169144052.0,118.16842239658529
1.088420787066221e+16,169.888807490938
8614977082631177.0,136.26658130380505
9675245806594562.0,164.1915308430699
8293817599628733.0,118.42485585766491
7480437166058307.0,128.61484736522794
5775605530769700.0,101.32555498802152
8800230272754938.0,151.86990360366212
1.0328969252820594e+16,152.1803548506129
5581759841077769.0,88.12383919902433
6410661013021689.0,99.831554223293
7511695752247058.0,118.94853157140541
1.0101659753364524e+16,147.69835247181578
7684057569756129.0,120.21124464906431
6185932653586974.0,108.77159214912957
8402741604686031.0,135.0366419760954
9586688317710358.0,146.28291704117035
4688889079315386.0,86.97988097674444
3568450765504869.5,67.17732849834985
7968279935201842.0,121.73568580804637
4400470456947812.5,85.4636177257756
4991353003318920.0,97.01725858156463
7812611129616687.0,108.80319671026358
6316600254571645.0,91.34367359115986
6425303508616432.0,111.54974855914698
8995572892552572.0,164.46175528494405
8917129111958829.0,151.09873223356092
5538638530995270.0,122.15948102888763
5644519103559134.0,98.3625754514252
7418538480465355.0,134.49403406271423
6048141211469025.0,93.90775792737632
1.072174583436777e+16,169.0199681419402
9372902835890118.0,146.82227593720313
6982824567388021.0,127.46368962799653
7029263358611772.0,113.80862510466874
8414316376096721.0,149.60698896291402
7197878452147963.0,113.96608583274165
4673466887612462.0,89.86700902170503
6405340548643498.0,117.34061356302259
6677276830517846.0,120.66424425039467
1.0036864875760618e+16,164.65820525957287
8615680771733583.0,136.5317074045671
1.04139343989074e+16,159.7990436634255
1.0084215193850102e+16,153.26526493798562
5037057464104955.0,87.73903663789204
5665429179299312.0,101.22236332123703
6692821578092107.0,97.04089429405131
5672271479984565.0,85.30229554374182
9300195640847758.0,160.20910442130565
8380952648976860.0,132.13921469758358
5501773685486689.0,96.69346044348421
9990266849201200.0,166.83008051558113
7958215510706241.0,140.5904251139329
4560848376118900.0,89.54959796394144
9073421457836352.0,155.66217632243263
8509935992782009.0,140.3083707425928
8491550870617232.0,137.3755254180346
8220977709904300.0,122.83587977709531
7520902940500784.0,140.27111541913467
1.020683922993118e+16,171.08165221168787
6114871337136737.0,107.64700081981641
1.002618608443278e+16,158.09902400136076
7323377005005092.0,118.21654313754496
7842206783293750.0,137.05102277512097
8163645673662005.0,140.21754206252294
9595129641082600.0,169.10719655018465
4322435188877723.5,75.66096519746465
4600352418263519.0,81.63833220840257
1.051729863024655e+16,171.3771502056138
5651761979167823.0,124.72088120784461
4997110013278709.0,79.16496784892047
6413668676169419.0,98.79173834988525
9284985587585854.0,145.2428009443339
9368935846446866.0,148.87790641872022
6117176241398751.0,94.03823434005767
9073420534220206.0,156.24666255021495
8936336530243234.0,145.5668017921689
8309084000172664.0,116.8453817801725
7393860999947794.0,115.76576702711888
7079781101032833.0,128.94246217731703
6738602047895015.0,100.961350407166
6256840808336685.0,117.89802751483732
7727739506630983.0,119.39553647072145
1.015226619386274e+16,158.62056104038305
4276974813894311.0,81.51225445118162
7621266295102456.0,128.6697273868123
5347918648111947.0,91.64868873483749
6769170095380469.0,127.765515656427
1.0797528918257744e+16,158.77156603388903
6697107642756537.0,97.01051056771833
8061736158479379.0,114.19803846478634
6019578847171890.0,107.19092528335055
1.0329504305365792e+16,169.04069836471683
7772434271495290.0,132.07888719029526
7353659713187855.0,103.67896462768897
8688395737187905.0,132.40581817813575
6408209784768883.0,102.45022804508005
8277224676398856.0,131.93660919600632
7245238373662005.0,129.2399610239383
1.1198669503713346e+16,177.1449822922327
8121337253413152.0,143.2103777301426
5670750302716761.0,125.13367102906189
6899305371950640.0,121.91703737002399
9821082995890168.0,160.99618909630476
5593162534755209.0,97.40431573597593
6922695676385657.0,109.09751619474378
4988907868872134.0,86.78263276165268
9156565164149934.0,144.53655386141247
9387060710828750.0,161.1731751434762
6619415735938632.0,107.63200805799958
7572135559158727.0,139.98877126572305
6823454066436072.0,136.74687163298296
8568606734075519.0,145.64003706658625
9547706366405280.0,151.9865293646223
6482095237338661.0,130.0248622164452
9633244822660040.0,152.85279178591043
1.138201227420135e+16,186.13279764007814
6532695777190774.0,113.28043977009789
7041088684315105.0,117.73415484561026
8167419805414421.0,149.73576906920303
7882843788768777.0,146.25118091708111
5245672848594370.0,115.01491876099026
8755497670617232.0,153.5250193538549
7083601882528557.0,97.0092324461242
8553261740542767.0,153.01184885068153
6357816371112121.0,107.32810933248395
8542827864110213.0,126.4508766135797
5783772323474361.0,90.77473754304793
1.0820070369888842e+16,166.4175934028585
6108535383510807.0,122.75234073781768
8182607846852214.0,141.16582732809061
9294436568717258.0,138.92826951757183
8834694071959569.0,143.8046856313095
6913567336073900.0,97.70574242480942
7207505706473131.0,106.47617882346016
7040844335607573.0,114.0306378701028
6040955383281370.0,117.87887674760809
4678569443613085.0,83.54316176677662
1.0253296264026692e+16,171.66894925018366
7595022389146542.0,134.62593968872392
1.1741864415180366e+16,191.7251195792537
7955698431985834.0,146.63535674771492
1.0144796389324232e+16,170.3964259625827
8302031960350274.0,151.86906072511715
4606380802153282.0,75.33161278958826
4646646141843577.0,90.84183913486531
1.0700506940773594e+16,170.08008496303512
6232101143323709.0,130.78189516524063
5241982889472614.0,87.64187241074785
8610372099834141.0,157.2973237409141
7959371497777139.0,130.17701425140305
6021611169442209.0,93.93930923331553
6238839380768064.0,108.59707814434537
9792137929298092.0,155.677305872423
8909748603263021.0,121.61382765389202
7488574253174859.0,129.42065108017053
1.0010346805365792e+16,151.44081047125235
5015263860279678.0,78.09676795165024
8553607229111826.0,154.51342732884484
8626802449224847.0,156.3819819755134
3938659912484889.5,78.29887930843819
4520302452511734.0,92.48098993159414
8354536464216025.0,152.95427824904442
7142420137380764.0,130.87136770754358
9675211470018066.0,149.4210835570967
1.1958166509990232e+16,187.6676694266917
7351538145924498.0,114.38115753095313
1.0736813321011032e+16,159.15021616162733
8438115359995674.0,152.62504865376764
9509335364747406.0,153.24661174097133
8137484259902069.0,151.27887610788656
6981553939874979.0,106.34969061869573
8116800052914199.0,118.58011456013513
8116605335578669.0,153.04231265613979
8832346309495342.0,119.81630132473882
8623790418196235.0,143.7364437555816
1.034730651161075e+16,158.70131696198112
1.1101103846152278e+16,164.50074683676792
9130589259678070.0,145.67770934297127
6053127741581638.0,107.67937852434596
6908625160876296.0,131.2021690856407
8823989266667220.0,155.85078860729178
7547607399299776.0,104.94710487008975
7074852112680097.0,107.62597672814795
6154152508694036.0,106.29792342910972
4595232830354995.0,88.61556084569143
6331371194314637.0,106.64975293101038
1.0071120910630506e+16,170.3290828628543
8509404305532097.0,126.73349426660401
5849386596367718.0,88.76234982293168
8533527758721876.0,143.03144138081123
5917542911148043.0,102.78874096584443
1.0961828221599528e+16,175.3165858077948
8112035877479158.0,147.91741379902268
7192994341239922.0,109.15532086254242
6494371228944056.0,107.48490449772017
7476501452063214.0,104.6728034684605
7419233094542502.0,112.49821495743078
7913602605374245.0,126.49386224786183
1.0853979322680944e+16,172.91575808661673
8967933758857144.0,157.36305893753064
6559530290859479.0,125.72781671434251
5621920120470144.0,99.81393776153615
8561751911436928.0,125.80360801437492
9472003693962522.0,163.1617660768134
5783092534940923.0,102.89327115057122
8171601990202396.0,136.77316080784357
8724561869796305.0,154.1135799632909
8666370959678071.0,140.1498401499284
7773262899389929.0,119.47229030310619
1.0063347812282952e+16,171.84281015327144
9298420565987550.0,155.51230994236798
8887846619160405.0,147.37885739316516
8734876174504952.0,134.29454377715132
8038154900484717.0,114.87823907678562
7563030289674538.0,133.33589440835425
8133202518858409.0,130.1230248482985
5684635363371075.0,90.83499573739657
5336023359047657.0,99.22284717685564
5512242300361998.0,88.10643665553224
7725570746342227.0,124.1678818910995
6823731853404211.0,134.22587996934016
7632868663396214.0,138.40982019574784
8688888658389226.0,132.5328477660389
8777673829480979.0,144.60759369074893
8385617061407678.0,145.58050078267584
5382093884212486.0,118.57486498669252
7531472666514005.0,117.59190389264312
9069220113097826.0,143.94345455754762
9235045676308126.0,153.86033018569447
6073005723103760.0,106.72419236341084
7546165193859287.0,120.70442269537794
8802918046140512.0,134.02935822439207
3931335131719852.5,75.81419384349218
6368938456439567.0,99.43050973814229
1.1031459495803456e+16,158.73766861799504
7134274901155342.0,103.85994843714882
6878734994475260.0,104.30358461678667
9755235192197656.0,129.55244070512205
1.0733566013175306e+16,160.65759243427706
8588352441794792.0,143.7137704461706
6956196287585855.0,99.2678253319597
6894463771574340.0,123.74409585107725
8452489972169440.0,151.9508455489879
5219474840635967.0,88.15430470837572
6608877536779157.0,97.47635794266981
8327617099685855.0,127.76603861973763
7085533861076968.0,102.48871130040341
7225579965640578.0,131.53894209708187
6070424078660385.0,127.74363051765827
7738989119479466.0,129.319099266444
5929162643075598.0,87.88309897597
5459135953628637.0,86.31285328149694
6523709769796305.0,97.6936403240267
9409934363945636.0,148.64846658314823
6628258225167856.0,129.7105791107725
5576359390193330.0,95.59145720226809
7986018424154124.0,139.380179631283
1.0177238601501028e+16,168.0636236441534
5397065189909326.0,85.58026090089065
8900354818758750.0,152.279905257335
4679609671229309.0,75.86537091258516
9020222806192752.0,144.71785348964644
7760336287041924.0,113.03855847478842
7667240834859134.0,105.57879590867377
3211586943820511.5,68.63326621344787
7106713888319076.0,104.24604328964094
9315572588780424.0,167.0869153120497
4335713838005920.0,89.2554321739468
1.0254894681860684e+16,162.98202754677277
8626065853255915.0,154.63279539326953
7103053313304701.0,128.71577805654186
7030735399870314.0,121.1806258873187
7513079170625717.0,116.33591846542646
7634161200588069.0,129.2637760864359
9936802929149180.0,155.87427438818162
9138897975075366.0,145.51125780581518
8033183882000085.0,140.15223154877913
5072552729957788.0,85.77011869324771
7281264212380251.0,137.59009918576604
4935502619974726.0,94.60067674224759
1.0346503287617782e+16,168.71948458465792
5823356747984639.0,93.95336024942112
9564677116403644.0,165.7592557315207
1.0487530134845194e+16,169.7082580861686
6976322346131498.0,119.30679498029171
1.1320166136578174e+16,177.46527007840479
6765000882479429.0,104.96838567643132
9321045751435698.0,147.1950581521294
1.0966667958231986e+16,173.8450062054202
9763219800398662.0,150.28459187250715
6162970758313213.0,108.35740871070749
5655367488273517.0,96.82962663569275
9326009357172666.0,153.24796953032296
8007786554337209.0,113.35774945115065
7785962870919262.0,119.2050995657067
7442297166405281.0,121.26480509941375
5801151467219687.0,94.94865691547668
6735267788877724.0,120.96436843263191
6948358060903146.0,95.42062293910345
7904235515664849.0,132.79137263870936
7055476166437868.0,102.85655566538465
7699782129664208.0,146.68632692104356
5149021384387803.0,92.69654562531213
5140804506192874.0,95.38432871040511
6888474466003125.0,133.65974163669657
9408972212779756.0,154.8465609653358
3030684143630677.5,60.111400115464434
9499793076623726.0,147.0874474471542
7638340625201800.0,114.0706679837333
5056922364879714.0,87.9143762037497
6558334990695893.0,122.23701631948644
5646596095917392.0,101.72469677623508
