x,y
2168796146508086.0,25.943853904796207
289668500000000.0,19.437815871619456
1510610438924486.5,23.220488761388847
50781300000000.0,5.666968464867536
109179281585963.56,7.568791482115934
1320493228908371.2,23.625906849919758
503369400000000.0,15.28269423840306
14237481679569.27,3.9637083295043696
639014076392833.6,27.682752816081486
466825581679569.25,13.644059111792382
23613311593220.79,3.770504997881068
404280200000000.0,13.943664995311543
1215837805301205.0,24.355584155411464
1729124292434270.8,27.293395741761397
171747970614204.7,9.482355228445057
1736296657338523.0,37.37778871894263
20729893272790.055,3.6935004468303676
1495996557338523.0,22.63469231707786
457245070614204.7,20.489462599821763
2081006692434270.8,30.872477151589944
2212580246508086.0,26.93382956266386
1691832604027491.5,26.645192079797365
394062900000000.0,13.034099593015746
875229909673408.1,20.058918010716045
149387270070274.47,8.417702218823411
1495996557338523.0,22.634692317077825
63982281585963.555,6.339793666330647
3887090857338523.0,69.7453216615977
466077711593220.8,13.545545074781629
345520805057298.25,12.900360112049512
362170158072402.9,11.921904330386091
446447800000000.0,14.706704816046999
1064657593290255.5,21.209580279696503
446447800000000.0,14.706704816046999
437847000000000.0,14.394015359304936
2123692702630047.0,32.653622635621886
2170412646508086.0,25.756359457629944
2516728822900919.5,34.014870489970164
469709000000000.0,13.768951051374
452460881585963.56,14.813223932452717
1692580474113840.0,26.676105152139478
72635463265532.83,6.420071688144186
206168751656238.03,9.95641582599561
2485659700000000.0,52.827482135951634
334865500000000.0,20.55220134877217
551682340774717.9,14.844751122315374
52397800000000.0,5.552668338829704
656337764381884.2,17.084440031875527
191554870070274.47,9.451064996127911
404186600000000.0,12.857872235021892
2167383246508086.0,25.909840669606563
2072405892434270.8,31.582973887664277
743669500000000.0,26.39401401334884
1254970828908371.2,23.05528245536358
58021581679569.266,5.809447691876335
461061681585963.56,15.066280827374872
94565400000000.0,6.956403540809434
680093945291523.9,17.188796871253082
308976986736867.5,12.037613022274789
75518881585963.56,6.202996612841495
2365548610889970.0,27.528251850870223
437847000000000.0,14.394015359304943
459585300000000.0,13.942837766058107
1839278157338523.0,27.628421463579713
1065543145291523.9,23.32387356999035
590815364381884.2,16.284624066158138
688802405057298.2,19.070379837428817
498489169439182.5,15.685874720556999
855251800000000.0,21.03513757471639
600358870070274.5,17.445197443449807
360134686643261.8,13.355837885443751
819251015361798.4,19.491195316269526
292697900000000.0,19.2731020607151
781128600000000.0,18.073946982325594
369913334996088.94,13.603098982906086
912173400000000.0,19.45214796366848
750596376392833.6,19.367371948685562
688601145291523.9,16.796303275866375
3847139138942357.0,44.27539629300422
585820905057298.2,25.915211130086778
534836470070274.5,16.592271783767487
1462336157338523.0,20.649420167125065
431854970070274.5,22.497459248051406
50781300000000.0,5.66696846486753
846651000000000.0,18.77535702867884
743669500000000.0,26.39401401334884
1618376127952727.8,22.39467965591152
517983281585963.56,15.694185119192065
400555311593220.8,12.63685063217756
50781300000000.0,5.666968464867523
179653282207425.47,9.563366201638665
398713976392833.6,13.22451876379742
2452880346508086.0,41.61783153411302
394062900000000.0,13.03409959301576
291081400000000.0,19.476015431014396
94565400000000.0,6.956403540809432
1131065545291524.0,24.05325192021268
678147100000000.0,25.68451848372125
459585300000000.0,13.942837766058112
461201800000000.0,13.602151586812836
60905000000000.0,5.615355021148514
205366164381884.25,9.959681596112622
210989946061453.53,10.102561076757777
517983281585963.56,15.694185119192056
754324805057298.2,19.87452849564314
3614011403846609.0,43.70023356833957
1904800557338523.0,28.318585518499216
57273711593220.79,5.766038439769229
1729124292434270.8,27.293395741761344
60905000000000.0,5.615355021148507
1450799557338523.0,21.548696253110172
437847000000000.0,14.39401535930496
155011051749843.75,8.637782237543206
912173400000000.0,19.452147963668484
846651000000000.0,18.775357028678833
437847000000000.0,14.394015359304964
313934440684479.1,12.625733607544829
1882092656816155.0,28.714979594870833
2212580246508086.0,26.933829562663888
688802405057298.2,19.070379837428824
58021581679569.266,5.809447691876331
656337764381884.2,17.084440031875527
736875426877487.4,18.443383759228347
300323805057298.25,12.061473681904843
2443492100000000.0,51.67828250549299
458172400000000.0,13.700802690599282
2725959800000000.0,67.66401374911368
1131065545291524.0,24.053251920212723
466825581679569.25,13.644059111792352
743669500000000.0,26.39401401334887
57273711593220.79,5.76603843976922
599416164381884.2,17.354315071309507
466077711593220.8,13.545545074781634
807517976392833.6,19.819161516115113
2894463700000000.0,57.64898939238729
442510275127572.75,14.632994020292909
3302783528908371.0,61.148067470406744
24361181679569.27,3.846351845972129
4120218592434271.0,69.26508589592802
216944970614204.7,10.557794575299786
191554870070274.47,9.451064996127926
685717726971093.1,17.218898249189856
1683927292434270.8,26.737085837295474
2555861846508086.0,31.665437691807455
625748970614204.8,16.917392951874593
334865500000000.0,20.55220134877217
2334959817122290.5,26.438647359400353
345520805057298.25,12.900360112049512
2137928292434270.8,32.20670095069996
846651000000000.0,18.77535702867885
875145410587940.5,18.750149883269714
600358870070274.5,17.44519744344981
846651000000000.0,18.775357028678826
866492228908371.2,18.783074769823507
361422287986054.44,11.849420924513247
912173400000000.0,19.452147963668477
353516976392833.6,12.063824748897334
1034068799522576.0,21.135129455956694
1452212457338523.0,21.58532821444045
1065543145291523.9,23.32387356999035
503369400000000.0,15.282694238403057
8613700000000.0,3.7005445160270973
2440462700000000.0,51.842571349402604
1904800557338523.0,28.318585518499237
656337764381884.2,17.08444003187554
568827370614204.8,16.64406070067458
844641115905728.5,19.271953169570164
247533764381884.25,11.134574277105882
2448368011593221.0,51.53305142827311
846651000000000.0,18.77535702867885
466825581679569.25,13.644059111792375
1131065545291524.0,24.053251920212716
459585300000000.0,13.942837766058112
12824581679569.27,3.737964699876639
2356820437725794.5,34.45069866896611
911689228908371.2,20.003800597138344
247533764381884.25,11.134574277105898
2033272868827104.5,32.16911223420274
216944970614204.7,10.557794575299777
1026410121684357.5,23.686532821970992
262147645967847.8,11.485478629652977
2828941300000000.0,57.086005505246966
2451999300000000.0,50.876738363980266
356546376392833.6,11.915614598441637
395679400000000.0,12.691574193506305
398713976392833.6,13.224518763797398
1254970828908371.2,23.055282455363603
1458704868931743.8,21.26452847822386
13489611593220.787,3.885334742749321
1904800557338523.0,28.3185855184992
2212580246508086.0,26.933829562663885
722261545291523.9,18.021931167287246
874397540501592.0,18.650310067231096
560226570614204.7,16.094190863770372
413327857978797.2,13.811464140296657
1729124292434270.8,27.293395741761366
543437270070274.5,16.140976812120012
17120900000000.0,3.7790649473411437
392650000000000.0,12.7914108585491
1453828957338523.0,21.386518509409544
2555861846508086.0,31.665437691807472
754324805057298.2,19.87452849564313
2621384246508086.0,32.320754273381866
649669381450131.9,18.776347174771104
57273711593220.79,5.766038439769227
2485659700000000.0,52.82748213595163
231558852200168.25,10.889804166941754
2175288558101306.8,25.636361855816695
174777370614204.7,9.439320851884391
458172400000000.0,13.700802690599286
49368400000000.0,5.6705152281819915
625748970614204.8,16.917392951874582
2789808276392833.5,60.04597205281855
1686956692434270.8,26.662098675944417
469709000000000.0,13.768951051374017
1459452739018092.2,21.345678897290483
409156111593220.8,14.007737517688632
1592986027408797.5,24.533265853899554
52397800000000.0,5.552668338829702
2840276391799610.0,36.74518641527623
469709000000000.0,13.768951051373994
1162644633965669.5,24.224906390710405
1826113762504545.2,28.420004531016748
1847878957338523.0,27.982293304889943
458172400000000.0,13.700802690599271
401250800000000.0,13.996980968922802
2621384246508086.0,32.320754273381915
467900375671502.94,14.931658196985387
409903981679569.25,14.016277897881007
2894463700000000.0,57.648989392387165
301736705057298.25,12.070480466029666
1320493228908371.2,23.625906849919765
677064545291523.9,17.28986813880489
461201800000000.0,13.602151586812843
2309569716578360.5,28.741507300660956
503369400000000.0,15.282694238403057
2564462646508086.0,32.02378381387321
855251800000000.0,21.03513757471638
3113355845291524.0,62.37216999370566
2608039270614204.5,51.96568971665799
911689228908371.2,20.003800597138344
2638628064381884.0,53.068478003158
345520805057298.25,12.900360112049512
210242075975105.03,10.092487104096335
1074143945291523.9,22.757115958142556
1495996557338523.0,22.63469231707784
2837542100000000.0,57.442264249351396
203749664381884.25,10.09849122542429
452460881585963.56,14.813223932452704
741995576392833.6,19.021972636161873
297573811593220.8,19.153029764555722
12076711593220.787,3.630280062375282
503369400000000.0,15.28269423840305
2485659700000000.0,52.82748213595164
590815364381884.2,16.284624066158127
344523234452158.75,13.31259959257988
400555311593220.8,12.636850632177554
521093547007038.3,14.31260252818438
503369400000000.0,15.28269423840304
3029704075416457.0,36.27079475867919
60905000000000.0,5.615355021148504
1695463892434270.8,26.37580478336443
213873364381884.25,10.153762513797187
395679400000000.0,12.691574193506293
495703446463108.1,15.343985305680052
722261545291523.9,18.02193116728727
754324805057298.2,19.874528495643172
154263181663495.25,8.612214603110989
466077711593220.8,13.54554507478161
625748970614204.8,16.917392951874575
2736615105057298.0,57.85472639937204
1851503863048475.5,28.053461812229067
1320493228908371.2,23.625906849919765
109179281585963.56,7.568791482115936
962561645291523.9,30.66966796251323
534836470070274.5,16.592271783767497
202336764381884.25,10.002829641283423
1839278157338523.0,27.628421463579702
298321681679569.25,19.235664692556156
2828941300000000.0,57.086005505247044
49368400000000.0,5.670515228181995
503369400000000.0,15.282694238403021
1648964921720407.2,23.384776516023546
52397800000000.0,5.552668338829707
402663700000000.0,14.020755455362696
600358870070274.5,17.445197443449803
911689228908371.2,20.003800597138348
678477445291523.9,17.299634612614543
807517976392833.6,19.819161516115148
180401152293773.97,9.57352374358948
146357870070274.47,8.521846673287815
686747900000000.0,26.04184748083786
3130555449772794.0,40.405033645175315
846651000000000.0,18.775357028678865
503369400000000.0,15.282694238403053
2582649170070274.5,54.51161427942212
437847000000000.0,14.39401535930495
503369400000000.0,15.282694238403014
147770770070274.47,8.49614253443505
1685340192434270.8,26.749087246271134
517983281585963.56,15.694185119192056
71887593179184.34,6.387237029848711
697403205057298.2,18.506652256900125
5584300000000.0,3.848682339445135
4603674546508086.0,73.96628686653412
401303181679569.25,12.73595796180026
503369400000000.0,15.282694238403051
1008678698978645.8,21.932020209430053
2894463700000000.0,57.64898939238709
1539385374199895.0,28.10727464209369
191554870070274.47,9.451064996127924
216944970614204.7,10.557794575299786
741995576392833.6,19.021972636161873
65395181585963.555,6.347076232512029
349479381585963.56,21.144890624715785
2227194128094049.5,27.50018237526699
1263571628908371.2,25.17170643269595
18737400000000.0,3.498169810492133
15853981679569.27,3.596823778702569
2176036428187655.2,25.712714539299295
247533764381884.25,11.134574277105905
398713976392833.6,13.224518763797409
49368400000000.0,5.6705152281819915
58021581679569.266,5.80944769187634
722261545291523.9,18.021931167287242
2137928292434270.8,32.206700950699975
354929876392833.6,12.105528444836825
301205100000000.0,18.519453775432527
2137928292434270.8,32.20670095070002
446447800000000.0,14.706704816047013
2546248121342642.0,35.76053237763677
401303181679569.25,12.735957961800262
2463535651565384.0,32.094223683726916
392650000000000.0,12.791410858549092
878028828908371.2,18.68602626027637
678147100000000.0,25.684518483721256
789729400000000.0,20.260546109694392
173160870614204.7,9.564069166204238
684969856884744.6,17.177149588393757
437847000000000.0,14.394015359304953
308229116650519.06,11.990166180894013
973216950348822.1,22.29692611768139
183284570614204.7,9.570796636805575
412787400000000.0,13.955322620501011
1151989328908371.2,30.584837237177215
2621384246508086.0,32.320754273381894
365053576392833.6,11.35607173161959
869521628908371.2,18.696094368666817
1969424392434270.8,38.5482778559723
7200800000000.0,3.542374425259009
1743738174020234.2,27.6185453407368
157894470070274.47,8.405853904541877
2178919846508086.0,25.075861481020926
807517976392833.6,19.81916151611513
67011681585963.555,6.226528734096189
926303110494334.8,20.37674943672689
461201800000000.0,13.602151586812857
487833864381884.25,21.39796317855582
15106111593220.787,3.496305791202912
2313120386246894.0,32.42477140392026
560226570614204.7,16.09419086377038
1800145133731356.5,29.765668598493242
109179281585963.56,7.568791482115933
867905128908371.2,18.914438487216948
2072405892434270.8,31.582973887664235
404186600000000.0,12.857872235021881
1980079697491569.0,30.74689091651825
789729400000000.0,20.260546109694378
15708000000000.0,3.6068943562205744
334865500000000.0,20.55220134877219
2449115881679569.5,51.61439905217205
311860405057298.25,11.645439875813075
855251800000000.0,21.035137574716405
2500273581585963.5,53.399879827987625
2441875600000000.0,51.86934025178151
1746951962395821.2,27.93423234436722
94565400000000.0,6.956403540809424
303353205057298.25,11.956004425231631
