x,y
0,1.4012475712103578
1,1.4012475712103578
2,24.941118863487603
3,44.27539629300424
4,62.40062921979401
5,72.46684819464821
6,83.6347381269104
7,83.63473812691082
8,83.63473812691072
9,83.63473812691063
10,83.63473812691053
11,83.63473812691078
12,83.63473812691038
13,92.67009512771622
14,99.5091625784358
15,99.50916257843569
16,101.5908826784199
17,102.60592901872843
18,106.18861881174165
19,108.72987084964826
20,108.72987084964902
21,108.72987084964878
22,108.72987084964821
23,108.72987084964925
24,109.5455266906298
25,110.28201032849059
26,110.28201032849007
27,110.28201032848969
28,110.28201032849039
