x,y
0,1.4012475712103578
1,50.77316745583371
2,50.773167455833764
3,50.77316745583375
4,50.77316745583379
5,50.77316745583381
6,50.773167455833736
7,57.64898939238708
8,64.36423221758521
9,70.97021290045772
10,77.44894585821542
11,83.42428537133902
12,89.36030168691637
13,89.36030168691646
14,89.3603016869165
15,105.8189901003097
16,105.81899010031007
17,105.81899010031017
18,105.81899010031
19,105.81899010031003
20,107.81887162139824
21,109.81746997850388
22,111.81489208316393
23,111.91133878478459
24,111.91133878478415
25,111.91133878478405
26,112.79782492103588
27,113.87174251596628
28,114.92034376879752
