x,y
0,1.4012475712103578
1,50.77316745583371
2,73.96628686653412
3,92.13918938978871
4,110.99321206499224
5,120.69170424679162
6,131.9756180072127
7,131.97561800721272
8,131.97561800721306
9,131.9756180072129
10,131.97561800721303
11,131.97561800721374
12,131.9756180072127
13,141.17684572503202
14,148.05199688668543
15,164.84982444749414
16,166.8406665310445
17,167.76174716014455
18,171.33408878642422
19,173.89219360575294
20,173.8921936057529
21,173.8921936057532
22,173.89219360575217
23,173.89219360575188
24,174.7169246218387
25,175.46107992689932
26,175.46107992690008
27,176.54608524514762
28,177.60797545867206
